contigName	contigLen	totalAvgDepth	totalAvgDepth_var
ctg_1826	6111	17.1106	1.7111
ctg_1841	7988	20.3683	2.0368
ctg_2239	47323	96.1258	9.6126
ctg_713	14479	29.814	2.9814
ctg_538	10326	56.4935	5.6494
ctg_755	10125	138.2188	13.8219
ctg_1733	44148	103.6758	10.3676
ctg_2267	5067	84.9397	8.494
ctg_1701	7358	77.7629	7.7763
ctg_2292	5846	111.1217	11.1122
ctg_1239	5929	21.9991	2.1999
ctg_1567	3432	22.4959	2.2496
ctg_1620	5096	22.5693	2.2569
ctg_1951	2048	72.253	7.2253
ctg_2113	3022	104.7184	10.4718
ctg_1686	7638	108.2061	10.8206
ctg_921	3564	47.5516	4.7552
ctg_1673	2848	26.3029	2.6303
ctg_1071	7385	139.6024	13.9602
ctg_197	53201	120.9621	12.0962
ctg_2269	16780	97.5014	9.7501
ctg_21	52302	69.2754	6.9275
ctg_1590	5026	30.3186	3.0319
ctg_1321	44547	81.6726	8.1673
ctg_437	10618	56.0267	5.6027
ctg_2174	2250	101.6852	10.1685
ctg_714	16627	30.0672	3.0067
ctg_1838	6380	18.3297	1.833
ctg_2022	42788	124.9776	12.4978
ctg_735	12130	135.4296	13.543
ctg_283	38841	90.6705	9.0671
ctg_1478	3485	6.3672	0.6367
ctg_641	9930	54.8428	5.4843
ctg_1161	49261	114.507	11.4507
ctg_411	15951	48.138	4.8138
ctg_863	40007	123.8834	12.3883
ctg_1830	8201	19.591	1.9591
ctg_1626	2716	25.392	2.5392
ctg_700	10991	26.8612	2.6861
ctg_2225	54896	108.5603	10.856
ctg_1357	51703	82.0312	8.2031
ctg_1905	2177	71.9406	7.1941
ctg_865	13103	118.5802	11.858
ctg_1034	5390	12.0167	1.2017
ctg_1669	2931	24.7211	2.4721
ctg_168	49420	30.7495	3.0749
ctg_671	22652	61.5132	6.1513
ctg_665	10335	62.5904	6.259
ctg_2118	13449	106.329	10.6329
ctg_2143	4450	89.2771	8.9277
ctg_2294	5253	92.1974	9.2197
ctg_648	12335	59.8533	5.9853
ctg_1163	4527	139.2131	13.9213
ctg_1920	6950	78.9749	7.8975
ctg_1234	5493	20.3785	2.0379
ctg_1825	10370	20.7352	2.0735
ctg_2009	49438	143.7763	14.3776
ctg_476	10794	56.9228	5.6923
ctg_1663	4444	28.5713	2.8571
ctg_2093	2163	105.1844	10.5184
ctg_1605	2224	28.1073	2.8107
ctg_909	8144	44.012	4.4012
ctg_699	18924	34.5573	3.4557
ctg_1042	4242	13.2593	1.3259
ctg_633	14829	56.5073	5.6507
ctg_386	7405	44.4898	4.449
ctg_1824	6615	19.0045	1.9004
ctg_530	21065	69.0683	6.9068
ctg_616	17945	51.7161	5.1716
ctg_96	10453	136.0334	13.6033
ctg_640	5214	48.433	4.8433
ctg_37	52588	74.8677	7.4868
ctg_1392	57113	82.3659	8.2366
ctg_719	22542	28.5638	2.8564
ctg_1706	6892	88.4431	8.8443
ctg_1003	9583	14.8345	1.4835
ctg_1852	10235	20.4766	2.0477
ctg_1149	44885	15.1694	1.5169
ctg_1096	3872	160.9118	16.0912
ctg_30	55584	59.4226	5.9423
ctg_1773	54527	107.1785	10.7178
ctg_874	10367	97.1916	9.7192
ctg_769	10486	139.7256	13.9726
ctg_1463	23175	7.4138	0.7414
ctg_1766	48748	115.4373	11.5437
ctg_734	7280	143.2359	14.3236
ctg_1295	56246	42.4647	4.2465
ctg_1068	10300	151.926	15.1926
ctg_2195	2856	66.6048	6.6605
ctg_956	46237	63.7962	6.3796
ctg_128	42438	28.5578	2.8558
ctg_566	11067	52.9505	5.2951
ctg_1726	48244	134.4769	13.4477
ctg_516	5487	61.1018	6.1102
ctg_1690	6790	87.3032	8.7303
ctg_391	6270	56.4984	5.6498
ctg_241	44968	94.0779	9.4078
ctg_1040	2946	12.0057	1.2006
ctg_705	25102	27.007	2.7007
ctg_2170	8457	106.2311	10.6231
ctg_1192	7070	17.3034	1.7303
ctg_380	51385	95.3405	9.534
ctg_1111	45311	14.7216	1.4722
ctg_1814	6816	17.3394	1.7339
ctg_105	48667	26.9626	2.6963
ctg_285	40684	89.8072	8.9807
ctg_499	32043	51.3355	5.1335
ctg_1992	21674	17.5998	1.76
ctg_376	50778	98.2125	9.8212
ctg_564	17424	58.4437	5.8444
ctg_1112	50136	15.6671	1.5667
ctg_2185	5444	85.3646	8.5365
ctg_991	10085	133.6236	13.3624
ctg_2122	4038	99.329	9.9329
ctg_1654	2402	25.1899	2.519
ctg_482	34007	62.7327	6.2733
ctg_113	48514	34.1726	3.4173
ctg_1470	9611	7.9899	0.799
ctg_1606	7658	20.3358	2.0336
ctg_854	8124	116.9064	11.6906
ctg_622	6753	54.445	5.4445
ctg_421	7103	57.5891	5.7589
ctg_1613	2390	25.9909	2.5991
ctg_1143	52272	11.7523	1.1752
ctg_1934	3253	81.4694	8.1469
ctg_1985	21272	21.3641	2.1364
ctg_1361	54476	80.002	8.0002
ctg_1188	5735	22.6295	2.2629
ctg_2265	2259	92.7632	9.2763
ctg_2010	48008	138.4545	13.8454
ctg_1016	3903	10.8093	1.0809
ctg_848	30315	112.472	11.2472
ctg_304	46037	91.2113	9.1211
ctg_1164	16361	152.7457	15.2746
ctg_479	11862	61.2772	6.1277
ctg_958	52481	66.3454	6.6345
ctg_2035	58015	21.1238	2.1124
ctg_475	7128	59.7437	5.9744
ctg_1579	5425	22.4016	2.2402
ctg_1432	2053	68.2928	6.8293
ctg_1114	49929	13.3468	1.3347
ctg_506	11038	51.1443	5.1144
ctg_1219	5791	24.3867	2.4387
ctg_1139	52538	13.8029	1.3803
ctg_1909	2466	83.4713	8.3471
ctg_1859	8463	20.2351	2.0235
ctg_1786	45252	107.869	10.7869
ctg_377	57647	101.1666	10.1167
ctg_337	47568	86.879	8.6879
ctg_967	20814	105.9404	10.594
ctg_1587	2650	23.9067	2.3907
ctg_2115	2743	84.7365	8.4737
ctg_998	2064	10.9267	1.0927
ctg_1308	48381	44.5588	4.4559
ctg_1650	2173	26.8714	2.6871
ctg_215	48307	90.733	9.0733
ctg_239	48835	88.559	8.8559
ctg_534	9527	58.5604	5.856
ctg_2179	2100	107.2726	10.7273
ctg_1468	8148	7.2011	0.7201
ctg_1897	10416	79.5593	7.9559
ctg_2242	51643	123.7588	12.3759
ctg_1550	3050	26.4859	2.6486
ctg_883	45034	16.0972	1.6097
ctg_1301	48315	62.7074	6.2707
ctg_1011	2034	12.1641	1.2164
ctg_1055	48136	82.6975	8.2698
ctg_1174	51644	88.2193	8.8219
ctg_1653	2810	25.3008	2.5301
ctg_2130	6965	93.8623	9.3862
ctg_1506	5250	155.357	15.5357
ctg_1204	5123	25.4882	2.5488
ctg_387	8313	54.1586	5.4159
ctg_850	8301	106.5448	10.6545
ctg_1728	50144	123.8715	12.3872
ctg_738	5713	149.2394	14.9239
ctg_2101	7728	104.2508	10.4251
ctg_1283	51937	43.5324	4.3532
ctg_325	53384	111.8148	11.1815
ctg_272	48459	84.2721	8.4272
ctg_653	5487	72.2861	7.2286
ctg_108	56523	27.7722	2.7772
ctg_1772	52986	113.2477	11.3248
ctg_1346	44612	70.4505	7.045
ctg_936	16835	45.1988	4.5199
ctg_581	5374	60.4434	6.0443
ctg_1378	47924	84.2266	8.4227
ctg_1414	34116	56.3523	5.6352
ctg_1618	4893	26.2619	2.6262
ctg_89	14522	146.2101	14.621
ctg_1094	2674	167.5451	16.7545
ctg_1028	4506	13.7517	1.3752
ctg_1217	6593	24.2613	2.4261
ctg_2109	2711	86.4862	8.6486
ctg_1634	10343	24.6492	2.4649
ctg_561	9158	62.1065	6.2106
ctg_1144	54413	13.2876	1.3288
ctg_1762	46640	107.3438	10.7344
ctg_1921	4850	80.7548	8.0755
ctg_712	23648	23.9635	2.3963
ctg_572	13219	63.821	6.3821
ctg_498	22635	50.8516	5.0852
ctg_2244	42071	122.0332	12.2033
ctg_1097	4304	137.7618	13.7762
ctg_1848	6644	21.6092	2.1609
ctg_1630	4132	26.9349	2.6935
ctg_1434	2342	67.6783	6.7678
ctg_480	5956	57.3899	5.739
ctg_1402	48049	74.5214	7.4521
ctg_716	20795	30.1565	3.0156
ctg_276	52048	93.8551	9.3855
ctg_1509	5270	140.4192	14.0419
ctg_993	7772	15.6145	1.5615
ctg_1302	46772	53.3053	5.3305
ctg_1681	9004	74.6436	7.4644
ctg_1718	49617	123.5596	12.356
ctg_2228	45590	122.3988	12.2399
ctg_1135	54421	13.636	1.3636
ctg_1948	11175	84.947	8.4947
ctg_1202	7001	21.3033	2.1303
ctg_1764	52092	126.7088	12.6709
ctg_870	46445	87.8977	8.7898
ctg_876	52642	6.4828	0.6483
ctg_262	49508	93.0356	9.3036
ctg_1022	4499	15.057	1.5057
ctg_409	9108	56.5039	5.6504
ctg_1406	2194	81.2789	8.1279
ctg_2237	51367	104.2016	10.4202
ctg_26	59666	62.4553	6.2455
ctg_495	9048	58.796	5.8796
ctg_1084	8435	137.8345	13.7835
ctg_607	15297	57.8081	5.7808
ctg_2105	5933	101.6344	10.1634
ctg_230	53207	84.9073	8.4907
ctg_88	6015	145.7629	14.5763
ctg_1047	44391	81.9143	8.1914
ctg_2253	45463	126.7003	12.67
ctg_1793	5521	21.5119	2.1512
ctg_829	8739	154.2117	15.4212
ctg_702	14071	26.0443	2.6044
ctg_98	5996	148.8333	14.8833
ctg_1576	3681	24.7849	2.4785
ctg_864	47851	83.9902	8.399
ctg_1760	52934	124.638	12.4638
ctg_2003	50711	141.7282	14.1728
ctg_1962	46495	187.7177	18.7718
ctg_613	9623	64.8137	6.4814
ctg_412	11131	55.806	5.5806
ctg_1813	5212	22.4711	2.2471
ctg_174	23312	124.9705	12.4971
ctg_2151	11134	96.0458	9.6046
ctg_303	48741	80.4003	8.04
ctg_903	19528	45.0295	4.5029
ctg_1207	5937	23.1029	2.3103
ctg_490	5085	50.9601	5.096
ctg_1517	6041	109.5089	10.9509
ctg_497	12164	72.9817	7.2982
ctg_893	3495	14.6688	1.4669
ctg_503	6025	71.1318	7.1132
ctg_1894	6958	73.7346	7.3735
ctg_926	2702	49.4751	4.9475
ctg_2046	48624	35.9766	3.5977
ctg_1789	46368	125.0441	12.5044
ctg_788	7985	138.4795	13.8479
ctg_1708	45665	6.8741	0.6874
ctg_489	5049	58.6202	5.862
ctg_592	5960	60.0666	6.0067
ctg_1975	9901	24.2327	2.4233
ctg_742	11810	151.2756	15.1276
ctg_1574	8868	26.3124	2.6312
ctg_1389	53144	80.5077	8.0508
ctg_2194	5122	57.685	5.7685
ctg_2172	2312	119.154	11.9154
ctg_1230	6659	17.022	1.7022
ctg_570	5574	49.9958	4.9996
ctg_1025	2760	12.9643	1.2964
ctg_1255	6777	22.6064	2.2606
ctg_808	6255	129.1166	12.9117
ctg_492	8826	59.1705	5.917
ctg_1119	37893	15.3394	1.5339
ctg_1386	49646	69.2103	6.921
ctg_1454	2526	7.2223	0.7222
ctg_878	2630	8.3766	0.8377
ctg_1850	8964	23.1265	2.3126
ctg_1655	2231	26.836	2.6836
ctg_352	55746	96.3992	9.6399
ctg_172	54038	113.9501	11.395
ctg_417	7863	58.1297	5.813
ctg_2154	7868	85.8644	8.5864
ctg_1015	2750	14.0695	1.4069
ctg_1328	54632	70.2904	7.029
ctg_1960	46910	110.0758	11.0076
ctg_752	5931	151.5337	15.1534
ctg_1731	41830	118.1944	11.8194
ctg_2147	7363	103.873	10.3873
ctg_62	41995	57.6697	5.767
ctg_2208	50845	67.5191	6.7519
ctg_565	6459	54.0818	5.4082
ctg_997	5721	12.7768	1.2777
ctg_974	42013	107.7944	10.7794
ctg_1171	9430	121.9807	12.1981
ctg_1747	46426	119.6772	11.9677
ctg_2176	9291	105.3426	10.5343
ctg_600	14818	56.9058	5.6906
ctg_612	6911	51.9769	5.1977
ctg_1466	9773	6.0263	0.6026
ctg_31	48270	75.6984	7.5698
ctg_1424	3065	60.9781	6.0978
ctg_1652	3500	23.3964	2.3396
ctg_872	20371	120.4402	12.044
ctg_8	48029	49.6968	4.9697
ctg_2203	21049	68.1422	6.8142
ctg_602	5228	72.7022	7.2702
ctg_135	47868	31.6923	3.1692
ctg_158	51524	36.8607	3.6861
ctg_186	51771	112.783	11.2783
ctg_71	48709	63.7387	6.3739
ctg_2209	16569	62.6913	6.2691
ctg_2284	8243	113.3599	11.336
ctg_654	11579	52.8807	5.2881
ctg_685	16903	26.6696	2.667
ctg_1368	53033	68.4342	6.8434
ctg_2054	44172	37.4603	3.746
ctg_80	50835	62.4567	6.2457
ctg_157	49425	32.6577	3.2658
ctg_1833	5847	20.3379	2.0338
ctg_1756	57518	109.9823	10.9982
ctg_828	6724	143.5751	14.3575
ctg_661	17299	55.5978	5.5598
ctg_1322	50329	81.5328	8.1533
ctg_401	5168	62.2974	6.2297
ctg_1218	5758	23.8864	2.3886
ctg_732	7472	155.7104	15.571
ctg_434	18957	53.0633	5.3063
ctg_86	12199	135.5023	13.5502
ctg_1195	6183	21.5047	2.1505
ctg_195	56290	107.4639	10.7464
ctg_289	47712	90.9995	9.0999
ctg_2111	6770	106.168	10.6168
ctg_825	6787	143.1344	14.3134
ctg_2129	2977	104.8683	10.4868
ctg_529	8558	53.7702	5.377
ctg_1881	5167	21.1422	2.1142
ctg_1241	5222	22.6269	2.2627
ctg_2291	5753	110.4766	11.0477
ctg_1584	2926	22.1076	2.2108
ctg_718	23655	27.4567	2.7457
ctg_1062	6122	139.3806	13.9381
ctg_2152	9555	96.6918	9.6692
ctg_478	7778	68.6471	6.8647
ctg_2166	2161	90.0076	9.0008
ctg_1343	45881	62.8808	6.2881
ctg_683	20776	23.6508	2.3651
ctg_681	24731	24.5585	2.4558
ctg_2024	47922	98.4717	9.8472
ctg_1917	3323	87.4187	8.7419
ctg_690	13308	28.9147	2.8915
ctg_776	5770	156.1561	15.6156
ctg_320	51470	89.9585	8.9958
ctg_1390	51003	71.1679	7.1168
ctg_1010	9711	15.4826	1.5483
ctg_1572	3854	21.0918	2.1092
ctg_1886	5591	89.1598	8.916
ctg_904	10836	49.3301	4.933
ctg_813	5468	163.3839	16.3384
ctg_1422	2775	71.5123	7.1512
ctg_544	6104	58.3597	5.836
ctg_1350	45212	70.8462	7.0846
ctg_741	9095	152.2969	15.2297
ctg_1530	2821	32.0576	3.2058
ctg_1005	5384	14.204	1.4204
ctg_1614	4027	24.3073	2.4307
ctg_1798	8759	22.6778	2.2678
ctg_148	47732	30.475	3.0475
ctg_471	9086	63.5845	6.3584
ctg_1491	5049	100.4251	10.0425
ctg_1154	46749	148.1266	14.8127
ctg_130	51855	31.8421	3.1842
ctg_1178	48359	73.6826	7.3683
ctg_784	15054	148.7247	14.8725
ctg_866	22924	122.4201	12.242
ctg_359	47519	91.2987	9.1299
ctg_1033	5526	12.2345	1.2234
ctg_1235	7250	20.7029	2.0703
ctg_288	55410	92.7889	9.2789
ctg_1032	2159	14.9079	1.4908
ctg_44	58723	57.3029	5.7303
ctg_2188	2263	105.0469	10.5047
ctg_1986	6596	20.0508	2.0051
ctg_1180	21423	88.8452	8.8845
ctg_1289	56875	46.1411	4.6141
ctg_2160	2163	90.228	9.0228
ctg_1971	5226	19.0748	1.9075
ctg_1822	6546	19.1548	1.9155
ctg_1125	38925	16.4835	1.6484
ctg_28	49064	59.9199	5.992
ctg_1464	3436	8.0664	0.8066
ctg_703	10919	26.7805	2.678
ctg_855	51063	115.5299	11.553
ctg_199	55901	108.1741	10.8174
ctg_1375	49137	71.6257	7.1626
ctg_1066	10095	133.6885	13.3688
ctg_849	23340	109.261	10.9261
ctg_347	49499	93.0193	9.3019
ctg_1876	8635	18.996	1.8996
ctg_348	44884	101.7969	10.1797
ctg_1287	44505	47.8148	4.7815
ctg_908	5635	55.9352	5.5935
ctg_170	48482	28.8604	2.886
ctg_764	5301	160.2951	16.0295
ctg_1020	2088	12.5631	1.2563
ctg_52	54382	54.3476	5.4348
ctg_556	10613	63.0897	6.309
ctg_953	5612	46.9756	4.6976
ctg_1320	51828	81.1331	8.1133
ctg_2026	53192	144.5598	14.456
ctg_886	58852	17.7671	1.7767
ctg_153	50786	29.9953	2.9995
ctg_1925	2216	84.3808	8.4381
ctg_1277	54863	54.457	5.4457
ctg_591	9463	48.8268	4.8827
ctg_1501	5559	113.7539	11.3754
ctg_1558	2225	22.9392	2.2939
ctg_282	53679	82.6225	8.2622
ctg_403	5363	51.9374	5.1937
ctg_459	12375	48.649	4.8649
ctg_1138	50482	12.138	1.2138
ctg_354	55212	84.6842	8.4684
ctg_1982	8354	24.4784	2.4478
ctg_686	16014	23.0966	2.3097
ctg_2080	60461	43.0048	4.3005
ctg_2240	49568	97.1304	9.713
ctg_1865	5497	20.7198	2.072
ctg_220	52292	91.2853	9.1285
ctg_751	6446	153.3521	15.3352
ctg_1778	46399	122.568	12.2568
ctg_203	54185	97.6478	9.7648
ctg_871	47744	122.9699	12.297
ctg_1913	3517	76.4879	7.6488
ctg_666	6612	57.2553	5.7255
ctg_14	43002	65.8984	6.5898
ctg_501	10824	53.8759	5.3876
ctg_1181	5704	21.631	2.1631
ctg_163	48371	32.5681	3.2568
ctg_867	57092	114.9139	11.4914
ctg_1804	5942	20.8301	2.083
ctg_569	6078	58.027	5.8027
ctg_84	9782	152.0367	15.2037
ctg_1194	9486	20.8524	2.0852
ctg_1411	3156	61.9461	6.1946
ctg_292	45003	95.119	9.5119
ctg_191	46466	89.7662	8.9766
ctg_1158	26260	156.0651	15.6065
ctg_1420	12661	61.2514	6.1251
ctg_310	54704	85.7284	8.5728
ctg_1267	9006	24.0267	2.4027
ctg_343	48854	81.6074	8.1607
ctg_1311	51443	52.5439	5.2544
ctg_474	8206	53.6271	5.3627
ctg_1979	9481	18.9264	1.8926
ctg_1821	6074	19.1733	1.9173
ctg_628	20588	56.9122	5.6912
ctg_976	42578	145.2823	14.5282
ctg_1259	6749	21.7535	2.1753
ctg_402	5881	61.7893	6.1789
ctg_1053	52444	76.8131	7.6813
ctg_1507	7191	144.6502	14.465
ctg_2092	2094	105.9647	10.5965
ctg_1586	3191	26.3091	2.6309
ctg_620	11592	40.4037	4.0404
ctg_1051	54287	86.887	8.6887
ctg_74	41503	70.7521	7.0752
ctg_179	47184	105.3744	10.5374
ctg_2124	5917	122.8436	12.2844
ctg_45	44216	70.1131	7.0113
ctg_837	3674	123.7984	12.3798
ctg_97	8786	144.3711	14.4371
ctg_313	47619	96.2112	9.6211
ctg_1007	7828	13.9242	1.3924
ctg_642	7817	48.8685	4.8868
ctg_2218	47192	119.5233	11.9523
ctg_1073	13508	158.4242	15.8424
ctg_1490	5735	109.6785	10.9678
ctg_2016	50377	149.7333	14.9733
ctg_922	9640	47.396	4.7396
ctg_868	35179	120.857	12.0857
ctg_2278	5633	104.7927	10.4793
ctg_2023	51918	126.8008	12.6801
ctg_76	58061	57.2226	5.7223
ctg_519	7086	54.1248	5.4125
ctg_2001	52093	145.5717	14.5572
ctg_1815	5138	20.7503	2.075
ctg_23	53739	74.4117	7.4412
ctg_1256	6191	21.2408	2.1241
ctg_156	46537	36.0213	3.6021
ctg_1531	2748	27.6557	2.7656
ctg_1888	5218	82.9422	8.2942
ctg_2056	49225	34.5551	3.4555
ctg_90	5273	136.417	13.6417
ctg_743	7054	129.3337	12.9334
ctg_1837	9259	19.0973	1.9097
ctg_831	19609	113.7118	11.3712
ctg_1168	4517	168.067	16.8067
ctg_520	9250	58.7022	5.8702
ctg_1522	5217	140.6417	14.0642
ctg_1743	46071	100.9612	10.0961
ctg_1413	2037	51.8265	5.1827
ctg_3	55242	55.3989	5.5399
ctg_1779	48848	106.2532	10.6253
ctg_2206	8104	54.1707	5.4171
ctg_1280	42764	53.4941	5.3494
ctg_937	23146	38.5467	3.8547
ctg_1919	10305	81.0152	8.1015
ctg_356	49956	83.0783	8.3078
ctg_845	49103	118.5477	11.8548
ctg_1974	6027	22.6206	2.2621
ctg_1173	46198	69.454	6.9454
ctg_264	45395	83.9249	8.3925
ctg_1968	9168	20.8254	2.0825
ctg_1086	9242	128.2593	12.8259
ctg_1494	5542	71.8041	7.1804
ctg_1874	5026	22.3814	2.2381
ctg_481	20247	57.3259	5.7326
ctg_1089	16076	173.2675	17.3268
ctg_1257	5318	23.4313	2.3431
ctg_1757	51408	101.4229	10.1423
ctg_1871	11909	18.2012	1.8201
ctg_860	12675	116.4339	11.6434
ctg_693	12474	28.2307	2.8231
ctg_1965	48134	148.0895	14.8089
ctg_1409	3781	64.2512	6.4251
ctg_1512	6094	135.6789	13.5679
ctg_1592	2058	28.7413	2.8741
ctg_1360	48101	72.9134	7.2913
ctg_450	8332	57.3506	5.7351
ctg_444	7048	52.7406	5.2741
ctg_1450	6508	6.5199	0.652
ctg_1300	50355	51.9493	5.1949
ctg_1879	6828	15.4638	1.5464
ctg_1791	6065	56.2325	5.6233
ctg_404	8080	61.7117	6.1712
ctg_269	48779	106.1745	10.6175
ctg_1133	46147	15.477	1.5477
ctg_1044	5831	13.1699	1.317
ctg_1695	10924	80.3206	8.0321
ctg_2061	51791	32.6545	3.2655
ctg_2073	52067	40.8792	4.0879
ctg_1370	50714	78.9399	7.894
ctg_2257	53205	124.6097	12.461
ctg_1702	9348	73.7127	7.3713
ctg_758	6318	135.9642	13.5964
ctg_1623	6335	23.9065	2.3907
ctg_2272	4634	105.7647	10.5765
ctg_315	48910	84.5072	8.4507
ctg_256	49512	86.388	8.6388
ctg_1510	5089	126.2071	12.6207
ctg_2271	43718	95.2509	9.5251
ctg_430	21904	57.7273	5.7727
ctg_2099	2185	83.6734	8.3673
ctg_453	7217	57.7502	5.775
ctg_1384	39215	71.7978	7.1798
ctg_221	51075	73.4298	7.343
ctg_151	51687	35.4994	3.5499
ctg_154	54926	31.6333	3.1633
ctg_103	12406	136.5484	13.6548
ctg_29	44391	59.87	5.987
ctg_2210	2666	68.2704	6.827
ctg_1065	11205	132.5203	13.252
ctg_1761	39733	93.5103	9.351
ctg_1997	56964	127.6776	12.7678
ctg_1941	15131	76.9648	7.6965
ctg_615	6925	54.4771	5.4477
ctg_1310	45695	44.4802	4.448
ctg_468	12580	58.2731	5.8273
ctg_454	5676	57.1318	5.7132
ctg_576	14064	60.1319	6.0132
ctg_1540	2321	26.1604	2.616
ctg_917	11758	56.3084	5.6308
ctg_875	52445	7.4312	0.7431
ctg_775	8339	128.9403	12.894
ctg_2032	48349	21.9646	2.1965
ctg_1348	56259	66.1773	6.6177
ctg_1657	6117	29.4959	2.9496
ctg_525	7790	45.4613	4.5461
ctg_812	10636	164.2826	16.4283
ctg_1456	6782	7.7704	0.777
ctg_924	19999	50.7371	5.0737
ctg_473	5993	66.3607	6.6361
ctg_1275	44747	45.8117	4.5812
ctg_1899	2521	82.099	8.2099
ctg_2173	2268	101.5027	10.1503
ctg_1849	8735	23.3159	2.3316
ctg_1258	9652	20.0924	2.0092
ctg_1213	5894	18.794	1.8794
ctg_1265	5514	26.6734	2.6673
ctg_660	20209	59.1952	5.9195
ctg_462	8672	56.2921	5.6292
ctg_575	10884	51.3648	5.1365
ctg_1340	52201	78.839	7.8839
ctg_1279	50474	41.2051	4.1205
ctg_1887	3778	89.5232	8.9523
ctg_1911	7750	85.5629	8.5563
ctg_2068	50596	36.1445	3.6145
ctg_1184	7618	22.4578	2.2458
ctg_1721	52679	98.7428	9.8743
ctg_1480	2755	6.3467	0.6347
ctg_2144	14853	101.2142	10.1214
ctg_2011	43032	133.9255	13.3926
ctg_2052	50589	38.9459	3.8946
ctg_246	51439	96.6193	9.6619
ctg_1666	2013	26.7441	2.6744
ctg_1001	3826	14.6421	1.4642
ctg_1632	2728	22.2694	2.2269
ctg_378	51585	97.5307	9.7531
ctg_1538	3092	18.8153	1.8815
ctg_820	11817	158.6676	15.8668
ctg_933	10526	55.908	5.5908
ctg_977	49334	134.6236	13.4624
ctg_1410	6299	57.7379	5.7738
ctg_604	6359	62.0327	6.2033
ctg_1429	23058	56.4045	5.6405
ctg_443	7971	60.2054	6.0205
ctg_821	7336	150.8409	15.0841
ctg_1467	8857	6.5847	0.6585
ctg_1551	3660	21.7922	2.1792
ctg_328	46699	90.206	9.0206
ctg_2078	61503	39.1729	3.9173
ctg_949	3816	44.2294	4.4229
ctg_935	3900	50.6943	5.0694
ctg_364	54278	80.4881	8.0488
ctg_2248	49485	109.3361	10.9336
ctg_1208	6156	19.7298	1.973
ctg_1376	53040	65.1857	6.5186
ctg_1116	51022	15.0349	1.5035
ctg_940	3246	53.5966	5.3597
ctg_918	5710	41.084	4.1084
ctg_2153	3048	70.9709	7.0971
ctg_118	40485	31.3017	3.1302
ctg_484	7502	52.0598	5.206
ctg_1671	2769	27.386	2.7386
ctg_946	20981	40.6094	4.0609
ctg_451	10562	56.1145	5.6114
ctg_1995	51470	116.8083	11.6808
ctg_1792	5095	21.1832	2.1183
ctg_1268	5344	19.8743	1.9874
ctg_2171	2621	119.4703	11.947
ctg_1560	3524	24.2344	2.4234
ctg_605	33064	56.1708	5.6171
ctg_1546	4263	27.9912	2.7991
ctg_1363	40342	70.5475	7.0547
ctg_802	5370	147.8936	14.7894
ctg_1090	10897	135.7645	13.5765
ctg_1684	5048	87.182	8.7182
ctg_1622	2544	25.8284	2.5828
ctg_987	6937	131.6981	13.1698
ctg_260	49950	87.7178	8.7718
ctg_899	2687	41.0321	4.1032
ctg_1120	42454	14.1672	1.4167
ctg_1935	3363	67.5961	6.7596
ctg_1987	14760	20.8462	2.0846
ctg_1041	2580	14.4465	1.4446
ctg_173	49771	119.4108	11.9411
ctg_1472	5278	7.6325	0.7633
ctg_1893	7508	93.2016	9.3202
ctg_999	4783	14.373	1.4373
ctg_985	43410	143.0985	14.3099
ctg_900	2617	50.8185	5.0819
ctg_345	50900	85.92	8.592
ctg_83	6524	134.3158	13.4316
ctg_559	18876	70.7356	7.0736
ctg_1601	5304	24.0478	2.4048
ctg_1080	7026	135.0985	13.5099
ctg_778	5864	150.1663	15.0166
ctg_1523	5476	139.866	13.9866
ctg_101	9837	137.1163	13.7116
ctg_318	49009	85.9186	8.5919
ctg_1366	47530	67.0426	6.7043
ctg_1359	52265	75.902	7.5902
ctg_374	54254	75.0341	7.5034
ctg_2103	5515	100.8201	10.082
ctg_1137	44151	15.0603	1.506
ctg_919	5278	53.7429	5.3743
ctg_1394	50251	76.1624	7.6162
ctg_1046	2953	13.1746	1.3175
ctg_1802	5493	17.7119	1.7712
ctg_1457	8200	6.0428	0.6043
ctg_814	6356	156.8316	15.6832
ctg_324	44819	93.5513	9.3551
ctg_1660	9893	24.2731	2.4273
ctg_1563	5422	23.0915	2.3091
ctg_1682	8362	86.7235	8.6724
ctg_1656	10562	23.8896	2.389
ctg_684	19904	26.0689	2.6069
ctg_1846	6692	20.1591	2.0159
ctg_1612	6829	21.7464	2.1746
ctg_1264	8950	20.9257	2.0926
ctg_1998	48881	146.454	14.6454
ctg_219	34135	82.9131	8.2913
ctg_984	46230	138.3578	13.8358
ctg_2243	53921	121.5639	12.1564
ctg_257	55886	100.8904	10.089
ctg_1337	41199	73.9114	7.3911
ctg_1562	7370	24.5432	2.4543
ctg_1900	2262	83.7762	8.3776
ctg_400	24987	64.9676	6.4968
ctg_1153	55258	167.0184	16.7018
ctg_2030	52145	121.7578	12.1758
ctg_456	7541	60.4677	6.0468
ctg_859	8989	108.4352	10.8435
ctg_261	42121	82.062	8.2062
ctg_17	45670	65.481	6.5481
ctg_190	46158	96.6981	9.6698
ctg_1745	50583	106.8241	10.6824
ctg_494	5117	55.1322	5.5132
ctg_2004	53215	100.241	10.0241
ctg_1201	28853	18.9892	1.8989
ctg_673	7496	54.9035	5.4904
ctg_2029	46863	111.2151	11.1215
ctg_1519	6582	118.5113	11.8511
ctg_1145	49630	13.8041	1.3804
ctg_1317	49949	82.0451	8.2045
ctg_2112	3483	92.704	9.2704
ctg_1765	38469	138.5375	13.8537
ctg_1767	50527	115.6101	11.561
ctg_1885	5187	17.5686	1.7569
ctg_2126	10773	106.7804	10.678
ctg_721	18968	31.837	3.1837
ctg_1474	50043	7.6723	0.7672
ctg_307	50170	82.5158	8.2516
ctg_745	5250	138.202	13.8202
ctg_826	5019	133.8104	13.381
ctg_2077	54503	39.5683	3.9568
ctg_1875	5942	20.9721	2.0972
ctg_912	4389	54.4201	5.442
ctg_270	52799	79.3166	7.9317
ctg_1972	9642	18.6378	1.8638
ctg_24	46985	79.4161	7.9416
ctg_2084	48192	74.8494	7.4849
ctg_526	5560	57.6953	5.7695
ctg_2085	45367	62.7362	6.2736
ctg_663	30402	57.8903	5.789
ctg_1335	53906	79.6323	7.9632
ctg_2044	50391	36.8753	3.6875
ctg_1607	7054	25.9221	2.5922
ctg_1705	5148	96.6271	9.6627
ctg_1511	5789	141.1248	14.1125
ctg_2081	55975	35.0053	3.5005
ctg_1566	2377	24.7991	2.4799
ctg_1070	18343	122.3021	12.2302
ctg_1840	6903	19.7687	1.9769
ctg_827	5372	135.7681	13.5768
ctg_809	6126	128.2414	12.8241
ctg_251	46259	77.0399	7.704
ctg_792	13575	137.0106	13.7011
ctg_647	5084	55.1991	5.5199
ctg_805	6306	153.8798	15.388
ctg_1922	3231	75.9743	7.5974
ctg_992	19526	117.2141	11.7214
ctg_1118	51942	12.2355	1.2236
ctg_968	21029	103.4758	10.3476
ctg_2135	4408	96.2201	9.622
ctg_2086	54136	79.4511	7.9451
ctg_1827	5800	18.1959	1.8196
ctg_1385	52724	64.3995	6.4399
ctg_1391	63238	74.9481	7.4948
ctg_42	48483	66.2746	6.6275
ctg_1248	5794	22.4854	2.2485
ctg_1819	5130	17.545	1.7545
ctg_1306	53383	45.779	4.5779
ctg_1866	5603	18.3537	1.8354
ctg_1341	47725	83.2622	8.3262
ctg_537	18631	51.9498	5.195
ctg_1224	5061	25.7008	2.5701
ctg_1123	51610	18.2433	1.8243
ctg_1676	12456	96.4971	9.6497
ctg_989	12618	128.2112	12.8211
ctg_1641	2245	23.4379	2.3438
ctg_1709	41768	6.844	0.6844
ctg_1908	2529	84.7907	8.4791
ctg_422	6313	48.3557	4.8356
ctg_449	6856	65.9698	6.597
ctg_636	17941	50.9413	5.0941
ctg_442	5634	58.7511	5.8751
ctg_1324	48701	79.7003	7.97
ctg_140	47914	30.2382	3.0238
ctg_340	58322	95.8734	9.5873
ctg_1373	50032	84.8305	8.4831
ctg_1683	5959	57.2832	5.7283
ctg_92	7000	132.9829	13.2983
ctg_418	9126	57.1225	5.7123
ctg_1165	5196	160.9921	16.0992
ctg_1177	48676	81.117	8.1117
ctg_1330	50469	74.8284	7.4828
ctg_512	17476	58.9902	5.899
ctg_164	55928	30.819	3.0819
ctg_457	9442	60.8576	6.0858
ctg_515	15227	58.9722	5.8972
ctg_1140	43805	13.7223	1.3722
ctg_853	6545	115.6444	11.5644
ctg_19	50424	66.9205	6.692
ctg_1668	6312	25.992	2.5992
ctg_1336	58261	91.4408	9.1441
ctg_811	6585	147.6128	14.7613
ctg_2255	53829	113.5304	11.353
ctg_730	5211	132.3425	13.2342
ctg_645	8298	48.9259	4.8926
ctg_611	5142	60.1752	6.0175
ctg_1371	52687	74.0245	7.4025
ctg_207	48755	103.8622	10.3862
ctg_1870	8224	18.4208	1.8421
ctg_131	53399	35.2776	3.5278
ctg_952	7431	41.4365	4.1436
ctg_2149	5022	96.5242	9.6524
ctg_1973	5931	21.3258	2.1326
ctg_1142	52084	13.9375	1.3938
ctg_183	47742	113.9733	11.3973
ctg_1157	49470	141.1466	14.1147
ctg_1549	6023	16.8563	1.6856
ctg_423	5299	60.548	6.0548
ctg_1488	6041	100.2822	10.0282
ctg_2148	5703	81.0844	8.1084
ctg_1316	47436	76.8842	7.6884
ctg_1896	2339	90.6037	9.0604
ctg_2260	44519	119.8226	11.9823
ctg_614	5371	62.1335	6.2134
ctg_757	8745	119.6786	11.9679
ctg_309	56709	79.6828	7.9683
ctg_187	52363	109.5003	10.95
ctg_951	5378	48.016	4.8016
ctg_1907	2596	88.34	8.834
ctg_619	12089	55.2724	5.5272
ctg_381	42723	100.3512	10.0351
ctg_1227	6548	21.499	2.1499
ctg_149	59311	34.203	3.4203
ctg_1399	39767	83.1777	8.3178
ctg_41	45416	71.0265	7.1026
ctg_858	3110	145.6642	14.5664
ctg_234	44901	81.7909	8.1791
ctg_1645	6627	22.6116	2.2612
ctg_1594	8838	23.948	2.3948
ctg_990	17599	103.2075	10.3207
ctg_1806	5968	21.8726	2.1873
ctg_1442	11755	8.2935	0.8294
ctg_1460	3837	6.9599	0.696
ctg_277	55274	86.5874	8.6587
ctg_2177	5806	106.592	10.6592
ctg_286	51200	82.8528	8.2853
ctg_202	49157	102.9795	10.2979
ctg_772	6473	148.2345	14.8234
ctg_1610	2294	26.9663	2.6966
ctg_1339	46073	87.4818	8.7482
ctg_1895	3672	84.9316	8.4932
ctg_1989	17983	24.6192	2.4619
ctg_1000	3874	15.1813	1.5181
ctg_1496	6480	138.1811	13.8181
ctg_1106	5157	137.5122	13.7512
ctg_1889	4453	89.6086	8.9609
ctg_2289	5366	108.9518	10.8952
ctg_20	41226	71.2196	7.122
ctg_346	47220	66.6287	6.6629
ctg_2059	44411	36.9902	3.699
ctg_1621	4158	27.2825	2.7283
ctg_1238	6096	23.1923	2.3192
ctg_2238	52482	110.7689	11.0769
ctg_1557	3162	23.613	2.3613
ctg_649	11682	57.8115	5.7812
ctg_557	8470	47.7349	4.7735
ctg_1458	12190	9.5527	0.9553
ctg_1437	6711	6.9189	0.6919
ctg_737	8392	140.6752	14.0675
ctg_441	6804	55.7988	5.5799
ctg_1694	10226	86.1014	8.6101
ctg_711	32422	32.2532	3.2253
ctg_104	45041	29.7832	2.9783
ctg_201	51997	91.1618	9.1162
ctg_856	40447	119.6343	11.9634
ctg_1242	6737	21.558	2.1558
ctg_1489	5523	125.8334	12.5833
ctg_881	24197	16.0611	1.6061
ctg_558	14280	58.5616	5.8562
ctg_53	52284	60.6993	6.0699
ctg_1787	48853	97.1407	9.7141
ctg_211	45955	98.0082	9.8008
ctg_2198	6180	80.1808	8.0181
ctg_1751	57352	112.6013	11.2601
ctg_748	7124	142.9187	14.2919
ctg_1078	7673	166.308	16.6308
ctg_1901	4256	83.486	8.3486
ctg_1842	5202	18.8502	1.885
ctg_2182	6472	94.7264	9.4726
ctg_2047	47497	32.4816	3.2482
ctg_1352	57705	88.7217	8.8722
ctg_932	14767	50.3517	5.0352
ctg_740	8155	143.8619	14.3862
ctg_1372	53120	79.4688	7.9469
ctg_2181	6822	85.6721	8.5672
ctg_15	43579	71.2326	7.1233
ctg_1134	60501	15.3989	1.5399
ctg_2159	4607	115.694	11.5694
ctg_2006	52607	130.5651	13.0565
ctg_1639	2678	25.3329	2.5333
ctg_435	8564	64.4107	6.4411
ctg_1503	6377	149.4191	14.9419
ctg_1323	48485	85.2831	8.5283
ctg_1933	3301	68.9376	6.8938
ctg_390	6103	62.9991	6.2999
ctg_925	53490	42.341	4.2341
ctg_1524	5379	26.6075	2.6607
ctg_458	9123	55.1566	5.5157
ctg_1423	11216	67.4593	6.7459
ctg_368	49092	84.3867	8.4387
ctg_733	8435	145.5454	14.5545
ctg_725	29410	25.9286	2.5929
ctg_194	49788	103.7324	10.3732
ctg_47	46941	60.7656	6.0766
ctg_510	6281	59.0318	5.9032
ctg_804	7150	120.0468	12.0047
ctg_398	7181	58.7075	5.8707
ctg_1152	36370	172.3336	17.2334
ctg_1452	7007	8.4387	0.8439
ctg_1890	2197	88.24	8.824
ctg_210	54568	114.8587	11.4859
ctg_238	52183	83.6816	8.3682
ctg_413	20701	65.7836	6.5784
ctg_1484	6542	118.2787	11.8279
ctg_1665	2283	24.0217	2.4022
ctg_142	45842	31.6873	3.1687
ctg_1451	3990	7.6314	0.7631
ctg_823	7895	162.7015	16.2702
ctg_835	7249	104.3705	10.437
ctg_727	50962	161.0797	16.108
ctg_1027	5179	11.6709	1.1671
ctg_722	35085	26.6413	2.6641
ctg_1492	5769	82.5688	8.2569
ctg_254	52015	96.235	9.6235
ctg_2090	7973	109.6901	10.969
ctg_1904	2917	84.3343	8.4334
ctg_880	56446	15.8204	1.582
ctg_48	50028	69.5272	6.9527
ctg_1088	4287	144.0423	14.4042
ctg_589	8635	66.8396	6.684
ctg_425	6703	56.4076	5.6408
ctg_1521	6392	135.2597	13.526
ctg_1514	5465	114.25	11.425
ctg_1358	43453	83.706	8.3706
ctg_1583	3130	23.5971	2.3597
ctg_222	48007	94.7634	9.4763
ctg_1585	3934	24.9587	2.4959
ctg_1209	7451	23.6166	2.3617
ctg_1400	46795	65.5809	6.5581
ctg_1215	7233	18.7911	1.8791
ctg_2232	51725	114.2819	11.4282
ctg_143	61586	29.8628	2.9863
ctg_608	15080	58.9871	5.8987
ctg_200	53304	117.6403	11.764
ctg_1473	4744	7.9104	0.791
ctg_1377	51040	74.4014	7.4401
ctg_2190	20466	68.1801	6.818
ctg_1262	5201	20.2851	2.0285
ctg_947	2599	48.8129	4.8813
ctg_786	8211	160.9907	16.0991
ctg_1544	10878	25.4673	2.5467
ctg_2184	2356	105.8488	10.5849
ctg_1771	51914	116.0383	11.6038
ctg_414	10259	57.6121	5.7612
ctg_249	46727	73.2531	7.3253
ctg_487	27816	66.9476	6.6948
ctg_975	14193	101.8632	10.1863
ctg_677	16490	25.4679	2.5468
ctg_1713	47152	7.181	0.7181
ctg_799	5919	166.6605	16.666
ctg_184	46237	112.3017	11.2302
ctg_785	6129	141.8717	14.1872
ctg_2040	66470	50.5081	5.0508
ctg_2031	32403	148.0018	14.8002
ctg_1029	3689	13.9423	1.3942
ctg_1529	4018	27.9104	2.791
ctg_2139	2304	101.4823	10.1482
ctg_1943	4773	81.601	8.1601
ctg_1710	54690	6.5877	0.6588
ctg_1741	55947	116.7152	11.6715
ctg_1604	4091	21.1595	2.1159
ctg_1228	5225	21.4112	2.1411
ctg_1502	10584	130.5278	13.0528
ctg_1679	5348	87.5328	8.7533
ctg_1382	50732	80.4367	8.0437
ctg_1319	59025	74.8958	7.4896
ctg_1931	6583	83.7589	8.3759
ctg_1774	55632	114.3792	11.4379
ctg_1571	4497	23.1246	2.3125
ctg_1928	2769	88.0763	8.8076
ctg_384	48732	81.5665	8.1566
ctg_1526	2124	26.5303	2.653
ctg_833	22007	126.9769	12.6977
ctg_287	52477	90.4518	9.0452
ctg_1075	8744	164.8401	16.484
ctg_2051	49287	35.9543	3.5954
ctg_297	49884	105.2239	10.5224
ctg_1597	3279	24.4412	2.4441
ctg_1570	8914	22.6866	2.2687
ctg_1952	8267	90.099	9.0099
ctg_1520	5323	101.9499	10.195
ctg_36	47941	56.0158	5.6016
ctg_2114	2929	101.142	10.1142
ctg_728	52338	126.7207	12.6721
ctg_1058	45600	93.1576	9.3158
ctg_1629	4150	22.7944	2.2794
ctg_296	57396	83.8714	8.3871
ctg_1396	50848	61.9096	6.191
ctg_2116	2443	87.1646	8.7165
ctg_533	20224	56.7781	5.6778
ctg_196	52270	100.5987	10.0599
ctg_1365	56481	66.217	6.6217
ctg_670	5667	53.0418	5.3042
ctg_2036	49086	19.4093	1.9409
ctg_981	10363	125.3317	12.5332
ctg_1504	6737	129.0825	12.9082
ctg_1439	10502	6.8973	0.6897
ctg_165	44712	33.5374	3.3537
ctg_1918	2190	86.0585	8.6059
ctg_2007	48207	125.6805	12.5681
ctg_407	6670	56.6045	5.6604
ctg_1847	6368	20.6456	2.0646
ctg_155	49362	28.6618	2.8662
ctg_1103	3103	149.2465	14.9246
ctg_1891	19679	84.2448	8.4245
ctg_54	46595	53.6183	5.3618
ctg_1785	53777	132.2238	13.2224
ctg_1113	57903	15.8185	1.5819
ctg_132	56763	32.1341	3.2134
ctg_2125	13910	107.1871	10.7187
ctg_1790	7842	100.3346	10.0335
ctg_357	54079	86.5418	8.6542
ctg_1980	11081	19.2115	1.9211
ctg_1266	10584	19.9143	1.9914
ctg_253	46721	89.0277	8.9028
ctg_668	14256	50.723	5.0723
ctg_552	12214	60.7281	6.0728
ctg_2042	58728	55.3886	5.5389
ctg_66	51762	69.4558	6.9456
ctg_32	51792	70.7785	7.0779
ctg_1141	55490	15.7414	1.5741
ctg_1428	45769	61.5942	6.1594
ctg_662	6861	53.3697	5.337
ctg_810	6101	132.8319	13.2832
ctg_1476	17912	7.4911	0.7491
ctg_64	42162	65.9234	6.5923
ctg_267	51404	94.3498	9.435
ctg_278	47991	92.7587	9.2759
ctg_1857	7108	17.9926	1.7993
ctg_793	9681	145.0026	14.5003
ctg_393	5205	38.2431	3.8243
ctg_877	46924	5.0482	0.5048
ctg_1924	2269	69.91	6.991
ctg_2279	5164	129.3908	12.9391
ctg_2131	4771	114.3709	11.4371
ctg_594	16644	58.6302	5.863
ctg_695	11028	30.907	3.0907
ctg_696	14125	29.1794	2.9179
ctg_1664	3619	24.54	2.454
ctg_2008	46790	144.1365	14.4136
ctg_618	6217	54.4334	5.4433
ctg_1991	16910	20.5495	2.055
ctg_13	45953	62.3675	6.2368
ctg_822	6396	151.9242	15.1924
ctg_255	50601	81.0271	8.1027
ctg_1443	6724	6.4846	0.6485
ctg_1057	48755	78.5144	7.8514
ctg_361	57307	100.5236	10.0524
ctg_2222	44628	108.582	10.8582
ctg_1401	56269	73.5348	7.3535
ctg_1079	4147	144.4131	14.4413
ctg_761	6182	144.7693	14.4769
ctg_1212	5519	22.9155	2.2916
ctg_1083	6379	166.9266	16.6927
ctg_1898	3187	73.8909	7.3891
ctg_439	13013	56.1801	5.618
ctg_505	6339	60.3322	6.0332
ctg_1199	5248	19.3526	1.9353
ctg_1596	4542	24.0825	2.4083
ctg_2150	3618	108.0077	10.8008
ctg_271	51628	92.7388	9.2739
ctg_1072	5200	123.8625	12.3863
ctg_353	51027	80.0857	8.0086
ctg_1996	59150	123.7765	12.3776
ctg_2049	50165	34.4481	3.4448
ctg_830	6613	139.6181	13.9618
ctg_1049	38023	83.3281	8.3328
ctg_1403	27044	82.446	8.2446
ctg_679	18544	29.6615	2.9661
ctg_2100	22160	104.5953	10.4595
ctg_440	13793	60.966	6.0966
ctg_1736	50307	91.8036	9.1804
ctg_338	57248	88.8035	8.8804
ctg_2034	47853	20.0591	2.0059
ctg_392	11742	55.4189	5.5419
ctg_2178	3006	100.7511	10.0751
ctg_1548	3049	25.4844	2.5484
ctg_862	5544	127.271	12.7271
ctg_1616	6235	24.6092	2.4609
ctg_1477	16549	7.4889	0.7489
ctg_75	54889	57.7185	5.7719
ctg_166	43064	28.7376	2.8738
ctg_198	51721	105.7907	10.5791
ctg_834	39728	123.0541	12.3054
ctg_208	49247	123.4898	12.349
ctg_2259	54386	120.4881	12.0488
ctg_1495	6557	127.7029	12.7703
ctg_1990	22734	16.7011	1.6701
ctg_1426	22563	64.7506	6.4751
ctg_1696	6678	63.8393	6.3839
ctg_1617	5533	19.7169	1.9717
ctg_500	5632	52.5587	5.2559
ctg_626	6245	63.3184	6.3318
ctg_945	6697	54.9016	5.4902
ctg_49	45091	57.6765	5.7676
ctg_209	56474	104.4052	10.4405
ctg_1393	54007	80.6064	8.0606
ctg_2199	45559	68.2368	6.8237
ctg_420	5680	70.405	7.0405
ctg_1799	5007	20.5509	2.0551
ctg_295	52330	98.1373	9.8137
ctg_595	6452	55.3585	5.5358
ctg_81	39313	58.3773	5.8377
ctg_2197	5523	70.9048	7.0905
ctg_1769	44222	122.9477	12.2948
ctg_879	43429	16.4521	1.6452
ctg_1828	5062	23.2633	2.3263
ctg_667	7501	62.0341	6.2034
ctg_2217	51392	112.7694	11.2769
ctg_1109	46999	12.9374	1.2937
ctg_773	8338	149.4148	14.9415
ctg_1599	2557	23.153	2.3153
ctg_2066	51656	37.3795	3.7379
ctg_1810	5659	19.2086	1.9209
ctg_1210	7478	21.6044	2.1604
ctg_1916	7110	75.9686	7.5969
ctg_1532	2495	28.9804	2.898
ctg_2191	20578	60.3989	6.0399
ctg_625	20283	67.7956	6.7796
ctg_1030	2165	13.6999	1.37
ctg_1166	44554	143.2704	14.327
ctg_1379	44123	84.8743	8.4874
ctg_536	10693	64.8809	6.4881
ctg_1864	5459	17.5568	1.7557
ctg_1453	2836	7.3684	0.7368
ctg_180	46808	107.929	10.7929
ctg_2283	6873	109.8769	10.9877
ctg_832	2725	136.9604	13.696
ctg_1129	54563	12.6209	1.2621
ctg_1	49166	63.163	6.3163
ctg_2064	41686	28.4401	2.844
ctg_107	48537	27.143	2.7143
ctg_545	11538	58.0594	5.8059
ctg_491	8379	39.6807	3.9681
ctg_2290	10728	109.7182	10.9718
ctg_907	27198	50.8969	5.0897
ctg_1039	5125	15.3665	1.5366
ctg_1957	2640	82.5993	8.2599
ctg_100	16453	116.1209	11.6121
ctg_1281	60457	48.0488	4.8049
ctg_1725	5790	115.106	11.5106
ctg_631	8254	61.9299	6.193
ctg_159	50515	26.991	2.6991
ctg_797	5243	151.5309	15.1531
ctg_306	47320	85.3723	8.5372
ctg_259	40707	76.6183	7.6618
ctg_1831	5775	17.6447	1.7645
ctg_920	4483	42.5277	4.2528
ctg_1272	47711	50.5056	5.0506
ctg_931	5790	50.2664	5.0266
ctg_599	8075	54.1566	5.4157
ctg_1856	5590	18.0837	1.8084
ctg_584	9085	55.1295	5.5129
ctg_1994	54602	117.8563	11.7856
ctg_110	45205	30.5619	3.0562
ctg_726	47490	117.1021	11.7102
ctg_2266	50914	77.3655	7.7366
ctg_1031	4725	15.6503	1.565
ctg_1803	5794	19.3557	1.9356
ctg_181	57196	115.2565	11.5257
ctg_150	53930	28.5224	2.8522
ctg_1691	5229	88.9833	8.8983
ctg_1186	6859	23.2665	2.3267
ctg_2219	53704	128.8171	12.8817
ctg_2205	7691	59.9816	5.9982
ctg_193	55428	106.8813	10.6881
ctg_1104	8011	121.1348	12.1135
ctg_2057	57402	46.3348	4.6335
ctg_1644	7269	28.0126	2.8013
ctg_2215	53677	89.5455	8.9546
ctg_2262	6094	103.1226	10.3123
ctg_1364	50733	76.0271	7.6027
ctg_549	6280	62.5968	6.2597
ctg_502	9451	55.7141	5.5714
ctg_460	6501	55.8957	5.5896
ctg_224	46360	107.2029	10.7203
ctg_777	8587	140.2582	14.0258
ctg_281	44903	89.267	8.9267
ctg_2277	4417	104.0708	10.4071
ctg_2158	5467	113.0017	11.3002
ctg_1836	5615	17.2159	1.7216
ctg_2021	47465	137.9381	13.7938
ctg_768	5544	142.0387	14.2039
ctg_2098	2581	97.8511	9.7851
ctg_635	12616	54.2146	5.4215
ctg_486	17899	55.5799	5.558
ctg_1216	5485	22.482	2.2482
ctg_1430	5822	73.0783	7.3078
ctg_2038	34488	19.3549	1.9355
ctg_1076	7761	139.398	13.9398
ctg_69	46701	60.2386	6.0239
ctg_2193	50075	58.1941	5.8194
ctg_1292	56110	45.6734	4.5673
ctg_1552	3133	19.1595	1.916
ctg_192	56221	120.0222	12.0022
ctg_588	16244	54.4651	5.4465
ctg_2060	50658	37.9248	3.7925
ctg_646	21615	58.6013	5.8601
ctg_1126	42393	16.258	1.6258
ctg_836	14758	120.4407	12.0441
ctg_1421	7010	52.9461	5.2946
ctg_245	52757	97.1747	9.7175
ctg_1367	45008	73.6464	7.3646
ctg_1190	11732	21.7141	2.1714
ctg_898	3186	42.1071	4.2107
ctg_33	60837	62.7845	6.2785
ctg_2268	23975	85.0192	8.5019
ctg_656	13078	48.0823	4.8082
ctg_2027	34654	132.2941	13.2294
ctg_436	12434	38.5334	3.8533
ctg_1784	44604	100.0722	10.0072
ctg_1674	15113	95.9857	9.5986
ctg_1999	57305	133.5736	13.3574
ctg_294	50797	81.847	8.1847
ctg_963	8950	99.6786	9.9679
ctg_560	8331	48.6251	4.8625
ctg_1446	13261	6.6726	0.6673
ctg_1150	39710	14.8917	1.4892
ctg_1036	2319	14.2293	1.4229
ctg_547	5242	52.5177	5.2518
ctg_652	15204	67.4022	6.7402
ctg_1481	9375	7.0247	0.7025
ctg_884	22757	11.8382	1.1838
ctg_284	42121	89.7754	8.9775
ctg_1755	50626	109.5546	10.9555
ctg_800	9701	149.1387	14.9139
ctg_942	2707	46.4106	4.6411
ctg_634	9063	63.2979	6.3298
ctg_1880	6873	20.1102	2.011
ctg_483	8060	49.7653	4.9765
ctg_1465	5035	7.7236	0.7724
ctg_2282	5342	106.7337	10.6734
ctg_1387	55013	90.8827	9.0883
ctg_5	53467	67.219	6.7219
ctg_1768	54649	109.0703	10.907
ctg_95	31127	136.6422	13.6642
ctg_38	61664	57.9849	5.7985
ctg_606	5560	56.2276	5.6228
ctg_767	8984	139.5775	13.9577
ctg_1018	6131	13.8461	1.3846
ctg_2136	4373	98.9819	9.8982
ctg_335	57470	78.7882	7.8788
ctg_801	5184	160.8321	16.0832
ctg_61	61077	62.4517	6.2452
ctg_2254	52590	140.2356	14.0236
ctg_138	53768	27.6388	2.7639
ctg_783	6016	139.9222	13.9922
ctg_369	52098	90.4501	9.045
ctg_1374	39549	74.2364	7.4236
ctg_2234	55053	115.8422	11.5842
ctg_1692	5122	75.4022	7.5402
ctg_916	8835	51.4416	5.1442
ctg_1647	3739	25.7213	2.5721
ctg_541	16839	73.5331	7.3533
ctg_1172	24119	133.1106	13.3111
ctg_1722	29450	124.5308	12.4531
ctg_204	49971	106.3649	10.6365
ctg_729	15469	142.0828	14.2083
ctg_2196	33699	78.8753	7.8875
ctg_2231	48757	113.529	11.3529
ctg_1136	58282	14.6542	1.4654
ctg_2207	61043	66.235	6.6235
ctg_405	8071	52.7368	5.2737
ctg_1107	7214	112.7957	11.2796
ctg_1270	45273	51.8873	5.1887
ctg_988	11285	121.1807	12.1181
ctg_1832	5196	22.002	2.2002
ctg_349	44498	85.4898	8.549
ctg_382	56575	101.0496	10.105
ctg_93	42287	126.2141	12.6214
ctg_507	9787	60.6108	6.0611
ctg_2223	41602	104.7601	10.476
ctg_1661	6622	22.4448	2.2445
ctg_2070	52760	30.8688	3.0869
ctg_1611	2223	22.5016	2.2502
ctg_688	14520	27.5524	2.7552
ctg_1727	33184	133.4623	13.3462
ctg_2252	59086	113.3137	11.3314
ctg_2096	2771	106.733	10.6733
ctg_2119	3450	100.3308	10.0331
ctg_1290	42145	46.7961	4.6796
ctg_99	8648	148.3719	14.8372
ctg_639	39031	50.9893	5.0989
ctg_532	13140	55.0567	5.5057
ctg_1497	5924	148.4797	14.848
ctg_336	58429	76.6936	7.6694
ctg_2169	3705	110.76	11.076
ctg_362	45382	92.0629	9.2063
ctg_171	50015	122.9891	12.2989
ctg_522	8933	63.6734	6.3673
ctg_1160	16274	130.1189	13.0119
ctg_518	13576	60.51	6.051
ctg_1026	2501	13.024	1.3024
ctg_1189	5914	22.2204	2.222
ctg_1964	40715	131.1337	13.1134
ctg_2213	56812	116.0842	11.6084
ctg_1240	11792	23.7451	2.3745
ctg_2280	5050	103.0345	10.3034
ctg_1108	50353	13.7855	1.3786
ctg_1746	59270	120.8687	12.0869
ctg_895	4587	14.1904	1.419
ctg_50	54306	60.0032	6.0003
ctg_723	15853	25.9633	2.5963
ctg_1170	34504	164.8006	16.4801
ctg_1469	3151	7.1785	0.7179
ctg_610	6145	61.6871	6.1687
ctg_1418	12718	62.6056	6.2606
ctg_1263	6013	22.0873	2.2087
ctg_1844	6989	20.0052	2.0005
ctg_1101	2839	151.7125	15.1712
ctg_2273	2905	83.1248	8.3125
ctg_579	6394	49.3359	4.9336
ctg_1274	53692	53.0585	5.3058
ctg_1794	5278	18.7486	1.8749
ctg_78	48636	63.9517	6.3952
ctg_2246	46639	153.1544	15.3154
ctg_2146	2052	87.7166	8.7717
ctg_485	20785	60.6559	6.0656
ctg_1099	5724	176.8799	17.688
ctg_787	12294	162.4094	16.2409
ctg_231	49650	90.2118	9.0212
ctg_298	45015	65.3796	6.538
ctg_1646	9403	25.9277	2.5928
ctg_1927	4635	86.889	8.6889
ctg_1577	2881	25.793	2.5793
ctg_2204	16781	67.5051	6.7505
ctg_366	41979	91.7966	9.1797
ctg_852	5170	105.489	10.5489
ctg_1155	48183	164.6088	16.4609
ctg_1835	7983	19.1945	1.9194
ctg_1356	44322	69.8548	6.9855
ctg_1775	47461	103.8867	10.3887
ctg_1588	2120	27.087	2.7087
ctg_175	51570	117.6259	11.7626
ctg_2097	2619	100.5408	10.0541
ctg_176	48541	103.4366	10.3437
ctg_597	12050	51.7716	5.1772
ctg_1902	2284	66.0324	6.6032
ctg_1102	4658	145.7502	14.575
ctg_2175	12116	98.3072	9.8307
ctg_1527	9514	22.5384	2.2538
ctg_68	46997	66.9551	6.6955
ctg_1776	41112	112.976	11.2976
ctg_531	9300	63.3496	6.335
ctg_1589	6756	21.2537	2.1254
ctg_1578	2095	27.3471	2.7347
ctg_383	44243	79.6918	7.9692
ctg_523	5260	46.3688	4.6369
ctg_2157	5815	108.1738	10.8174
ctg_448	7736	56.3629	5.6363
ctg_1006	4238	14.2702	1.427
ctg_675	17051	61.2956	6.1296
ctg_279	60987	89.6268	8.9627
ctg_574	7505	49.9297	4.993
ctg_950	2603	42.261	4.2261
ctg_1915	7258	65.4304	6.543
ctg_1823	5702	19.0115	1.9012
ctg_1221	6179	20.6996	2.07
ctg_1719	54124	107.8652	10.7865
ctg_969	18968	106.5253	10.6525
ctg_2	51685	62.3098	6.231
ctg_1780	50421	138.4684	13.8468
ctg_1795	6122	20.2286	2.0229
ctg_2074	51903	26.7222	2.6722
ctg_546	12196	63.883	6.3883
ctg_389	26224	48.1544	4.8154
ctg_1843	6478	21.6989	2.1699
ctg_914	16904	44.4654	4.4465
ctg_2275	4008	98.8662	9.8866
ctg_1680	5311	87.5495	8.7549
ctg_551	7058	57.8061	5.7806
ctg_1685	8933	90.0418	9.0042
ctg_1383	43124	66.451	6.6451
ctg_1425	18683	69.1062	6.9106
ctg_1950	4595	79.8834	7.9883
ctg_1159	16612	136.0568	13.6057
ctg_1286	46819	55.2613	5.5261
ctg_1261	6400	19.4345	1.9435
ctg_1763	45741	117.692	11.7692
ctg_1223	5599	22.3023	2.2302
ctg_212	25717	97.1457	9.7146
ctg_1936	6498	81.2205	8.1221
ctg_2161	9850	107.6541	10.7654
ctg_1342	49374	77.0202	7.702
ctg_214	52528	89.0341	8.9034
ctg_774	9968	151.6338	15.1634
ctg_2285	7394	108.2866	10.8287
ctg_1820	8686	20.6202	2.062
ctg_2235	40623	92.3984	9.2398
ctg_116	43865	31.4585	3.1458
ctg_794	8263	117.8441	11.7844
ctg_2095	3508	101.1908	10.1191
ctg_795	5646	139.761	13.9761
ctg_1945	2139	88.1186	8.8119
ctg_305	43229	85.0286	8.5029
ctg_472	9534	49.2464	4.9246
ctg_548	5270	60.0501	6.005
ctg_2012	39952	127.5143	12.7514
ctg_455	7865	51.2201	5.122
ctg_2226	51096	111.1215	11.1121
ctg_1811	5665	18.0042	1.8004
ctg_1642	2128	26.8474	2.6847
ctg_1689	5178	74.0746	7.4075
ctg_577	9407	60.232	6.0232
ctg_72	45534	67.7943	6.7794
ctg_2296	7374	93.9464	9.3946
ctg_1697	9473	75.449	7.5449
ctg_1483	4938	6.7847	0.6785
ctg_759	5421	129.9666	12.9967
ctg_1754	46449	107.5104	10.751
ctg_1635	7189	27.9263	2.7926
ctg_1956	2683	85.456	8.5456
ctg_2156	5827	78.6621	7.8662
ctg_1455	18886	7.408	0.7408
ctg_617	6324	64.2753	6.4275
ctg_960	52862	54.9118	5.4912
ctg_2202	22168	58.5863	5.8586
ctg_350	43481	82.5086	8.2509
ctg_2274	6968	98.2337	9.8234
ctg_360	47155	86.8552	8.6855
ctg_1282	51689	46.6508	4.6651
ctg_1869	6242	20.4711	2.0471
ctg_554	5822	51.1749	5.1175
ctg_167	46829	34.4442	3.4444
ctg_1294	49572	54.3388	5.4339
ctg_1777	52099	128.2895	12.8289
ctg_1877	6345	19.3902	1.939
ctg_1095	11748	153.5457	15.3546
ctg_766	7133	159.7657	15.9766
ctg_2050	45773	33.8397	3.384
ctg_2256	62318	106.3929	10.6393
ctg_226	45116	92.5959	9.2596
ctg_446	5909	52.1073	5.2107
ctg_1693	10294	72.462	7.2462
ctg_1314	29578	56.0217	5.6022
ctg_1518	5943	129.2707	12.9271
ctg_426	7389	52.5239	5.2524
ctg_1863	5060	16.3841	1.6384
ctg_2201	9243	66.5669	6.6567
ctg_242	47357	90.2872	9.0287
ctg_1748	49439	110.5878	11.0588
ctg_1191	5027	21.3162	2.1316
ctg_1720	42333	131.2191	13.1219
ctg_1573	2194	24.8148	2.4815
ctg_2065	54446	37.0557	3.7056
ctg_1404	19200	76.6718	7.6672
ctg_274	55319	79.4995	7.9499
ctg_339	46276	87.1894	8.7189
ctg_1914	7481	82.9475	8.2948
ctg_427	17138	56.707	5.6707
ctg_7	52094	59.5686	5.9569
ctg_227	41202	106.9258	10.6926
ctg_25	52096	60.1823	6.0182
ctg_316	54370	92.1872	9.2187
ctg_244	51228	87.2596	8.726
ctg_1537	3600	24.5438	2.4544
ctg_1303	52277	42.5796	4.258
ctg_582	5347	56.4395	5.644
ctg_79	54004	65.3985	6.5399
ctg_2089	10752	101.4716	10.1472
ctg_964	43524	108.6539	10.8654
ctg_1717	16701	7.0698	0.707
ctg_2187	2543	86.0635	8.6063
ctg_40	47611	65.4276	6.5428
ctg_930	9314	42.7998	4.28
ctg_1637	5060	23.6994	2.3699
ctg_2123	2852	97.7965	9.7797
ctg_1800	6922	22.876	2.2876
ctg_816	5031	155.6742	15.5674
ctg_2241	46950	127.4653	12.7465
ctg_2058	48728	35.6046	3.5605
ctg_1750	55107	98.647	9.8647
ctg_1600	13039	23.1214	2.3121
ctg_724	20798	23.8531	2.3853
ctg_1555	4646	27.9379	2.7938
ctg_1954	6157	81.0351	8.1035
ctg_275	45803	85.3091	8.5309
ctg_1127	46614	12.7143	1.2714
ctg_178	44946	108.0035	10.8004
ctg_2028	40219	116.2053	11.6205
ctg_1115	46072	13.9838	1.3984
ctg_311	53652	77.8016	7.7802
ctg_632	20121	60.6515	6.0652
ctg_1061	2500	135.8117	13.5812
ctg_1063	3810	149.832	14.9832
ctg_2076	54747	36.5513	3.6551
ctg_978	53643	120.9038	12.0904
ctg_470	5766	52.7107	5.2711
ctg_250	58212	87.9272	8.7927
ctg_573	9387	66.7727	6.6773
ctg_1559	4054	27.1385	2.7139
ctg_2005	43550	112.5541	11.2554
ctg_1678	6751	78.3746	7.8375
ctg_841	7807	135.0768	13.5077
ctg_1561	3146	25.4294	2.5429
ctg_185	47290	122.8112	12.2811
ctg_217	44551	85.107	8.5107
ctg_1100	2664	141.3857	14.1386
ctg_550	9389	52.7958	5.2796
ctg_1309	54263	47.6662	4.7666
ctg_1536	4773	21.7698	2.177
ctg_1077	3221	117.2041	11.7204
ctg_1797	5672	19.5607	1.9561
ctg_1298	52401	48.525	4.8525
ctg_1716	57565	6.7787	0.6779
ctg_2033	42264	22.5156	2.2516
ctg_1098	5376	136.9176	13.6918
ctg_509	16901	57.765	5.7765
ctg_1967	18254	20.5264	2.0526
ctg_1024	12360	10.7069	1.0707
ctg_1162	13778	137.226	13.7226
ctg_669	13900	59.6181	5.9618
ctg_1593	2048	23.3124	2.3312
ctg_1312	60036	51.239	5.1239
ctg_1961	55680	170.9014	17.0901
ctg_1054	40308	100.031	10.0031
ctg_2192	3259	73.9276	7.3928
ctg_1854	7582	21.5145	2.1514
ctg_844	17641	118.2391	11.8239
ctg_1344	52984	88.2715	8.8271
ctg_236	53452	101.7142	10.1714
ctg_1449	5961	6.6938	0.6694
ctg_1271	46805	56.0495	5.6049
ctg_1440	23744	7.6789	0.7679
ctg_2263	4437	108.357	10.8357
ctg_747	5577	157.1444	15.7144
ctg_1625	3191	24.7863	2.4786
ctg_655	11013	64.7671	6.4767
ctg_1595	6259	24.026	2.4026
ctg_791	7125	146.9879	14.6988
ctg_1615	2056	27.0994	2.7099
ctg_2211	8235	66.2978	6.6298
ctg_1734	34154	89.5829	8.9583
ctg_1882	5427	19.9085	1.9908
ctg_1185	8317	19.9079	1.9908
ctg_1244	8820	19.5689	1.9569
ctg_789	7139	141.2267	14.1227
ctg_911	5830	43.3312	4.3331
ctg_796	6317	140.9433	14.0943
ctg_749	10007	143.328	14.3328
ctg_817	5609	167.0357	16.7036
ctg_408	6190	53.7393	5.3739
ctg_674	5085	59.8425	5.9842
ctg_162	53711	26.8624	2.6862
ctg_1278	44739	46.2987	4.6299
ctg_1203	5309	22.3865	2.2386
ctg_496	11523	60.7011	6.0701
ctg_416	15957	56.7262	5.6726
ctg_1313	49721	51.3944	5.1394
ctg_535	14415	61.1249	6.1125
ctg_923	7178	46.9044	4.6904
ctg_2083	37382	41.3067	4.1307
ctg_1582	14831	18.346	1.8346
ctg_1659	2367	25.7386	2.5739
ctg_146	51259	30.3643	3.0364
ctg_623	10373	54.505	5.4505
ctg_1398	41945	75.5704	7.557
ctg_1338	52511	68.7674	6.8767
ctg_970	17127	110.2884	11.0288
ctg_1002	2206	14.5006	1.4501
ctg_73	61816	65.65	6.565
ctg_1910	15459	88.1094	8.8109
ctg_477	6850	56.5067	5.6507
ctg_1441	5335	7.1568	0.7157
ctg_424	6102	60.7181	6.0718
ctg_139	51001	26.9722	2.6972
ctg_406	7401	60.6675	6.0667
ctg_115	53244	31.2366	3.1237
ctg_493	10560	50.958	5.0958
ctg_2140	2166	89.7942	8.9794
ctg_571	8287	58.9301	5.893
ctg_1978	6885	18.9703	1.897
ctg_1667	7818	19.1793	1.9179
ctg_2276	3584	101.1093	10.1109
ctg_1677	9380	84.8078	8.4808
ctg_2216	48447	118.0557	11.8056
ctg_1416	4608	72.1906	7.2191
ctg_1193	6021	20.5017	2.0502
ctg_1486	5357	109.2368	10.9237
ctg_293	55574	88.9504	8.895
ctg_1884	5572	18.2206	1.8221
ctg_1297	51635	57.4316	5.7432
ctg_370	45794	90.7557	9.0756
ctg_2120	3086	101.3492	10.1349
ctg_1147	41213	13.928	1.3928
ctg_1638	4639	29.7547	2.9755
ctg_664	8242	52.6537	5.2654
ctg_2186	3315	103.7	10.37
ctg_905	3010	45.0188	4.5019
ctg_1232	5655	22.6082	2.2608
ctg_1448	5064	5.6783	0.5678
ctg_1333	46328	87.7768	8.7777
ctg_233	48124	88.6083	8.8608
ctg_955	48572	67.2095	6.721
ctg_1533	2478	25.6353	2.5635
ctg_429	16164	60.6977	6.0698
ctg_1545	8171	25.4918	2.5492
ctg_885	8451	14.1317	1.4132
ctg_1381	40836	72.4957	7.2496
ctg_363	47236	106.7131	10.6713
ctg_1182	6954	19.9885	1.9989
ctg_1254	6157	22.4014	2.2401
ctg_508	6096	65.5847	6.5585
ctg_2286	5160	117.9195	11.792
ctg_419	8760	67.8321	6.7832
ctg_160	50761	35.1116	3.5112
ctg_1427	12703	68.9444	6.8944
ctg_2189	22193	62.5802	6.258
ctg_65	52292	62.2767	6.2277
ctg_1419	3538	43.3493	4.3349
ctg_1946	7279	66.1213	6.6121
ctg_1362	44972	71.412	7.1412
ctg_1417	3543	60.416	6.0416
ctg_1435	36814	67.4986	6.7499
ctg_2104	4506	105.6551	10.5655
ctg_213	58122	96.8938	9.6894
ctg_1332	47039	73.7588	7.3759
ctg_431	5862	61.1036	6.1104
ctg_1508	5416	126.4293	12.6429
ctg_941	16392	51.9611	5.1961
ctg_1331	53779	75.9209	7.5921
ctg_91	10415	139.3605	13.9361
ctg_1542	3748	27.3282	2.7328
ctg_698	14396	29.0711	2.9071
ctg_2230	54857	125.3274	12.5327
ctg_2133	3004	90.0867	9.0087
ctg_882	4706	15.5883	1.5588
ctg_2091	2350	104.7935	10.4793
ctg_527	10965	60.1626	6.0163
ctg_1198	5743	18.3007	1.8301
ctg_1349	42363	79.0883	7.9088
ctg_1276	43971	50.2151	5.0215
ctg_1060	32655	69.1634	6.9163
ctg_1543	2763	24.1505	2.4151
ctg_1169	18906	136.2077	13.6208
ctg_971	18442	132.3736	13.2374
ctg_2261	5486	143.7857	14.3786
ctg_147	48402	32.3362	3.2336
ctg_1229	6576	20.7629	2.0763
ctg_2132	3111	84.7313	8.4731
ctg_957	54636	75.4518	7.5452
ctg_218	54821	92.7698	9.277
ctg_1167	34948	137.1863	13.7186
ctg_754	7885	157.1372	15.7137
ctg_1500	5848	119.1975	11.9197
ctg_2249	55103	126.8671	12.6867
ctg_67	51995	58.0495	5.805
ctg_1291	53193	44.789	4.4789
ctg_2106	4523	113.4132	11.3413
ctg_268	57400	100.1923	10.0192
ctg_1179	49747	77.3032	7.7303
ctg_744	5351	134.1542	13.4154
ctg_87	13379	109.7975	10.9798
ctg_994	5444	14.9405	1.4941
ctg_2229	50058	113.4464	11.3446
ctg_770	12792	159.9736	15.9974
ctg_543	5213	55.5276	5.5528
ctg_1554	2967	23.7626	2.3763
ctg_1783	50984	106.5827	10.6583
ctg_326	63703	92.6461	9.2646
ctg_1318	55639	80.6323	8.0632
ctg_1438	14852	6.961	0.6961
ctg_2069	58309	40.1552	4.0155
ctg_1873	8549	19.5822	1.9582
ctg_2015	46186	142.9354	14.2935
ctg_1305	54551	50.3326	5.0333
ctg_1122	49339	10.9911	1.0991
ctg_694	11630	30.1281	3.0128
ctg_2019	49531	129.582	12.9582
ctg_659	8745	58.3554	5.8355
ctg_1648	4127	23.5291	2.3529
ctg_973	16053	101.8073	10.1807
ctg_263	50129	96.0466	9.6047
ctg_331	61813	87.5304	8.753
ctg_317	42257	85.1958	8.5196
ctg_1872	5011	20.2543	2.0254
ctg_2134	6409	99.2704	9.927
ctg_1993	5481	18.8009	1.8801
ctg_2117	2052	101.2051	10.1205
ctg_1568	2196	27.097	2.7097
ctg_567	6289	55.3262	5.5326
ctg_972	42361	114.6607	11.4661
ctg_397	13005	60.7066	6.0707
ctg_355	57264	90.0369	9.0037
ctg_59	51438	56.2618	5.6262
ctg_1981	20257	18.4947	1.8495
ctg_452	9954	56.8001	5.68
ctg_1299	49305	53.674	5.3674
ctg_2163	4693	85.2538	8.5254
ctg_1675	13309	100.6924	10.0692
ctg_205	49189	107.3641	10.7364
ctg_1351	51080	65.9971	6.5997
ctg_35	45789	59.3153	5.9315
ctg_1220	6276	21.7171	2.1717
ctg_2110	11451	103.3956	10.3396
ctg_1906	4304	82.2264	8.2226
ctg_1977	6640	15.6328	1.5633
ctg_896	10947	15.029	1.5029
ctg_779	5253	137.7422	13.7742
ctg_1237	5775	20.4918	2.0492
ctg_2107	4248	82.2438	8.2244
ctg_1485	5879	122.7385	12.2738
ctg_2168	4066	107.1233	10.7123
ctg_1251	6156	18.3185	1.8318
ctg_961	21951	57.7407	5.7741
ctg_678	18081	31.2516	3.1252
ctg_1045	5508	14.1837	1.4184
ctg_18	50265	70.5746	7.0575
ctg_1087	11121	136.6752	13.6675
ctg_2281	6660	82.8117	8.2812
ctg_1687	15181	88.6668	8.8667
ctg_228	49288	101.2736	10.1274
ctg_780	7343	139.2553	13.9255
ctg_1969	6621	19.9281	1.9928
ctg_1091	3981	130.6976	13.0698
ctg_1304	51677	53.4652	5.3465
ctg_1250	10027	22.7443	2.2744
ctg_1064	7926	130.0555	13.0055
ctg_1535	7996	25.6463	2.5646
ctg_1355	54480	77.8587	7.7859
ctg_1515	5726	130.9744	13.0974
ctg_121	50975	32.5549	3.2555
ctg_333	48403	80.168	8.0168
ctg_1326	41784	70.303	7.0303
ctg_1565	2926	27.6987	2.7699
ctg_929	14996	51.3192	5.1319
ctg_1128	50935	10.8268	1.0827
ctg_1939	4128	83.4371	8.3437
ctg_731	5755	153.5072	15.3507
ctg_1405	24145	48.9678	4.8968
ctg_152	36210	33.413	3.3413
ctg_1942	6805	83.9145	8.3915
ctg_301	40392	91.7154	9.1715
ctg_1293	51936	45.9338	4.5934
ctg_464	5305	47.1083	4.7108
ctg_1627	2368	28.2819	2.8282
ctg_1658	5167	27.99	2.799
ctg_312	46693	92.27	9.227
ctg_1433	9577	72.7085	7.2709
ctg_710	17092	30.0845	3.0084
ctg_894	23340	15.5896	1.559
ctg_915	14119	49.5184	4.9518
ctg_2167	7125	105.3269	10.5327
ctg_1988	6088	19.6831	1.9683
ctg_1953	2878	89.6125	8.9612
ctg_341	53808	86.1644	8.6164
ctg_1008	6300	13.3731	1.3373
ctg_1781	59341	123.4712	12.3471
ctg_1092	12564	149.164	14.9164
ctg_1205	5348	21.0707	2.1071
ctg_807	8047	122.5724	12.2572
ctg_1805	8277	20.9064	2.0906
ctg_954	9636	50.5347	5.0535
ctg_1970	16306	20.0043	2.0004
ctg_1236	6299	20.47	2.047
ctg_1807	6770	20.7112	2.0711
ctg_1505	5756	131.6444	13.1644
ctg_1334	57454	73.253	7.3253
ctg_902	5142	49.2538	4.9254
ctg_235	53309	76.8421	7.6842
ctg_890	15665	12.5672	1.2567
ctg_2138	2660	104.3605	10.4361
ctg_1226	7514	17.7424	1.7742
ctg_12	57828	61.7663	6.1766
ctg_966	9244	100.696	10.0696
ctg_56	53438	55.5572	5.5557
ctg_117	44999	31.1425	3.1143
ctg_1547	3148	28.6434	2.8643
ctg_1231	5069	23.3374	2.3337
ctg_715	18145	29.2826	2.9283
ctg_901	20482	49.4736	4.9474
ctg_2142	5278	119.7372	11.9737
ctg_465	11960	66.0794	6.6079
ctg_1752	49536	128.1049	12.8105
ctg_1858	6360	21.7133	2.1713
ctg_1197	5448	20.5252	2.0525
ctg_39	43779	57.1936	5.7194
ctg_1459	7142	7.1976	0.7198
ctg_1742	46814	117.4439	11.7444
ctg_1050	39929	88.6898	8.869
ctg_2164	3882	112.1086	11.2109
ctg_1183	6200	21.3051	2.1305
ctg_344	54814	83.3977	8.3398
ctg_1200	5419	20.4728	2.0473
ctg_1737	52005	116.1676	11.6168
ctg_1643	8022	28.1922	2.8192
ctg_650	5030	47.5735	4.7574
ctg_803	5164	143.6582	14.3658
ctg_1966	12841	171.0397	17.104
ctg_1415	2888	68.393	6.8393
ctg_627	6772	54.3619	5.4362
ctg_237	47801	88.1271	8.8127
ctg_51	53632	65.8963	6.5896
ctg_2250	51151	124.5587	12.4559
ctg_319	54111	71.1023	7.1102
ctg_63	51234	59.8078	5.9808
ctg_1085	10799	157.5319	15.7532
ctg_1631	3481	21.2029	2.1203
ctg_1670	2812	21.6588	2.1659
ctg_1923	2992	82.897	8.2897
ctg_206	59435	107.691	10.7691
ctg_2127	4199	96.437	9.6437
ctg_2212	46879	120.1664	12.0166
ctg_1117	48890	12.6723	1.2672
ctg_1222	9023	23.548	2.3548
ctg_1744	58106	120.6213	12.0621
ctg_1148	47060	16.0564	1.6056
ctg_1651	4440	22.5771	2.2577
ctg_229	56326	85.0075	8.5008
ctg_1052	51617	101.3129	10.1313
ctg_927	6797	50.5665	5.0567
ctg_1412	2304	65.8755	6.5876
ctg_1714	50030	6.5097	0.651
ctg_771	6414	144.4204	14.442
ctg_819	6373	134.1804	13.418
ctg_34	43658	50.5989	5.0599
ctg_843	7865	119.8404	11.984
ctg_846	55697	107.8681	10.7868
ctg_2141	18174	96.2776	9.6278
ctg_1380	49425	84.2823	8.4282
ctg_1700	8078	77.9169	7.7917
ctg_1211	6920	21.1704	2.117
ctg_1233	5816	21.334	2.1334
ctg_1929	2431	94.232	9.4232
ctg_1730	44109	128.934	12.8934
ctg_2013	56580	110.341	11.0341
ctg_1132	47355	17.0546	1.7055
ctg_1307	44358	53.4346	5.3435
ctg_55	44478	58.5276	5.8528
ctg_1059	54831	87.9327	8.7933
ctg_1782	56015	124.3646	12.4365
ctg_1892	11859	78.8056	7.8806
ctg_578	11012	65.7141	6.5714
ctg_980	55923	123.8907	12.3891
ctg_2063	42313	44.1328	4.4133
ctg_258	48957	98.6948	9.8695
ctg_851	6391	112.0075	11.2008
ctg_4	55199	65.617	6.5617
ctg_2145	4277	99.32	9.932
ctg_514	11838	53.409	5.3409
ctg_1513	5348	121.9736	12.1974
ctg_396	9355	74.4653	7.4465
ctg_1564	3326	26.8652	2.6865
ctg_590	7566	64.6541	6.4654
ctg_586	5405	67.7045	6.7705
ctg_2121	10823	126.4739	12.6474
ctg_225	45680	97.638	9.7638
ctg_1105	10774	138.295	13.8295
ctg_2075	51130	30.6229	3.0623
ctg_1698	5755	78.3497	7.835
ctg_1963	48111	143.8832	14.3883
ctg_2236	49612	97.5728	9.7573
ctg_580	7025	58.2	5.82
ctg_2258	56408	111.5891	11.1589
ctg_188	41750	117.3332	11.7333
ctg_2000	47284	125.6107	12.5611
ctg_432	7501	44.4158	4.4416
ctg_10	57439	70.2605	7.0261
ctg_1269	8814	139.9337	13.9934
ctg_82	6900	138.7703	13.877
ctg_2295	6253	108.9932	10.8993
ctg_488	12100	59.0249	5.9025
ctg_913	5864	52.5263	5.2526
ctg_2072	42054	32.2108	3.2211
ctg_2062	52325	35.0423	3.5042
ctg_2264	2454	97.2177	9.7218
ctg_2053	54925	32.7585	3.2759
ctg_965	5812	111.8864	11.1886
ctg_371	52154	94.7521	9.4752
ctg_112	46440	31.1916	3.1192
ctg_1649	2308	23.2243	2.3224
ctg_609	5304	61.5392	6.1539
ctg_266	44396	106.8223	10.6822
ctg_77	54252	65.9234	6.5923
ctg_2079	45013	36.846	3.6846
ctg_106	52496	27.6326	2.7633
ctg_555	5454	60.5642	6.0564
ctg_511	12796	61.0486	6.1049
ctg_299	47473	101.677	10.1677
ctg_1074	6357	150.0868	15.0087
ctg_2214	53918	127.6784	12.7678
ctg_161	50010	30.9727	3.0973
ctg_1021	4082	14.1842	1.4184
ctg_1146	49009	15.2675	1.5268
ctg_891	13771	15.1673	1.5167
ctg_1296	53449	49.3897	4.939
ctg_2108	2751	95.436	9.5436
ctg_504	6375	53.167	5.3167
ctg_367	46506	86.5772	8.6577
ctg_815	5658	143.3937	14.3394
ctg_1883	8056	23.2722	2.3272
ctg_750	7076	118.4681	11.8468
ctg_2227	55846	131.8573	13.1857
ctg_1976	12719	18.6836	1.8684
ctg_2155	5137	94.0674	9.4067
ctg_1475	3982	8.0849	0.8085
ctg_601	7083	55.0996	5.51
ctg_682	21232	25.5475	2.5547
ctg_1245	7083	18.8062	1.8806
ctg_1315	49611	66.2541	6.6254
ctg_111	51614	31.7698	3.177
ctg_1729	43436	113.3496	11.335
ctg_689	14050	29.257	2.9257
ctg_824	6974	143.5138	14.3514
ctg_1711	54923	6.1767	0.6177
ctg_598	5529	62.7059	6.2706
ctg_643	20085	59.5873	5.9587
ctg_2233	48154	99.2103	9.921
ctg_585	6331	48.6983	4.8698
ctg_2221	52531	122.1957	12.2196
ctg_447	10315	52.7744	5.2774
ctg_1461	2633	7.3178	0.7318
ctg_1862	7703	18.3603	1.836
ctg_861	9860	108.1013	10.8101
ctg_1345	50566	85.2981	8.5298
ctg_1395	51086	82.5178	8.2518
ctg_982	9404	116.7615	11.6761
ctg_763	13663	138.2626	13.8263
ctg_410	9896	62.4292	6.2429
ctg_658	10074	60.4376	6.0438
ctg_144	50526	33.2954	3.3295
ctg_1703	11468	89.4704	8.947
ctg_2014	46413	143.451	14.3451
ctg_630	7355	52.6289	5.2629
ctg_910	2536	48.3036	4.8304
ctg_2224	44015	117.5352	11.7535
ctg_1327	51519	82.2384	8.2238
ctg_583	15159	59.2767	5.9277
ctg_1444	3885	8.0825	0.8083
ctg_959	50408	64.2496	6.425
ctg_145	52898	29.5691	2.9569
ctg_60	44089	66.1092	6.6109
ctg_2039	42564	71.0567	7.1057
ctg_596	17884	65.0001	6.5
ctg_1749	56827	98.7935	9.8793
ctg_717	18858	31.4425	3.1443
ctg_1499	7077	134.6128	13.4613
ctg_2287	6206	102.2546	10.2255
ctg_707	21043	34.5277	3.4528
ctg_1329	41151	75.2266	7.5227
ctg_280	52473	87.5462	8.7546
ctg_1959	57078	149.5095	14.9509
ctg_1591	2180	29.3782	2.9378
ctg_938	6269	46.918	4.6918
ctg_169	54617	32.19	3.219
ctg_1809	6526	20.8105	2.0811
ctg_944	4033	49.7076	4.9708
ctg_1788	39147	97.7758	9.7776
ctg_762	6541	137.0588	13.7059
ctg_46	47554	63.5485	6.3549
ctg_125	55031	24.3838	2.4384
ctg_322	43950	89.2343	8.9234
ctg_687	15166	29.6734	2.9673
ctg_216	54160	57.5236	5.7524
ctg_842	56329	108.5225	10.8523
ctg_995	2167	12.7635	1.2763
ctg_1539	2837	24.2847	2.4285
ctg_943	12935	41.5551	4.1555
ctg_1845	5168	20.7262	2.0726
ctg_314	50843	95.4178	9.5418
ctg_122	54384	32.7747	3.2775
ctg_2165	3209	96.9689	9.6969
ctg_644	6065	53.9791	5.3979
ctg_232	44164	78.6302	7.863
ctg_739	5151	167.284	16.7284
ctg_445	7711	56.6207	5.6621
ctg_553	10259	54.2961	5.4296
ctg_342	51331	97.3902	9.739
ctg_415	6103	60.2451	6.0245
ctg_124	49227	29.5129	2.9513
ctg_888	44386	13.1926	1.3193
ctg_2088	11497	84.055	8.4055
ctg_701	15915	24.6462	2.4646
ctg_1860	6684	19.5632	1.9563
ctg_1462	4009	7.0421	0.7042
ctg_1431	2228	67.2346	6.7235
ctg_1516	6197	116.6267	11.6627
ctg_1575	4605	23.756	2.3756
ctg_979	15433	120.2793	12.0279
ctg_1288	47774	49.513	4.9513
ctg_375	58049	92.6483	9.2648
ctg_996	12465	14.3398	1.434
ctg_1688	7148	87.116	8.7116
ctg_781	6531	140.0194	14.0019
ctg_120	51970	30.547	3.0547
ctg_1017	15726	14.22	1.422
ctg_1619	3068	23.1157	2.3116
ctg_114	45872	31.9953	3.1995
ctg_1436	5765	7.7673	0.7767
ctg_1471	8133	8.2995	0.8299
ctg_1048	54038	92.749	9.2749
ctg_365	56919	90.1578	9.0158
ctg_1608	10520	25.8789	2.5879
ctg_706	21111	29.2167	2.9217
ctg_736	5092	142.8406	14.2841
ctg_1556	3268	25.4807	2.5481
ctg_568	7013	58.0875	5.8087
ctg_691	13149	27.5254	2.7525
ctg_2180	10965	114.1212	11.4121
ctg_1325	49532	69.6459	6.9646
ctg_1247	6577	22.1099	2.211
ctg_798	7450	163.7852	16.3785
ctg_753	5087	169.3886	16.9389
ctg_2102	7053	109.7385	10.9738
ctg_1609	6419	26.8964	2.6896
ctg_539	12766	60.1764	6.0176
ctg_1739	49825	119.7141	11.9714
ctg_461	6759	55.3248	5.5325
ctg_1388	49913	68.0811	6.8081
ctg_1839	5002	20.4243	2.0424
ctg_1498	5486	137.9692	13.7969
ctg_1818	5089	15.791	1.5791
ctg_806	7591	119.0125	11.9012
ctg_839	38844	107.0874	10.7087
ctg_2251	43190	126.5404	12.654
ctg_300	56300	68.9246	6.8925
ctg_1801	7049	18.4635	1.8464
ctg_1580	2568	26.104	2.6104
ctg_528	10517	55.0923	5.5092
ctg_2293	5752	115.3198	11.532
ctg_1735	37934	117.7027	11.7703
ctg_1479	4317	7.5801	0.758
ctg_291	54282	101.1675	10.1167
ctg_1603	2791	27.0542	2.7054
ctg_119	56434	30.5213	3.0521
ctg_1284	57319	42.5723	4.2572
ctg_928	27485	48.1648	4.8165
ctg_1903	7194	88.2061	8.8206
ctg_1408	9642	66.8975	6.6898
ctg_1273	44538	55.4351	5.5435
ctg_513	10791	50.6646	5.0665
ctg_1156	53989	143.0828	14.3083
ctg_385	10161	82.5953	8.2595
ctg_1009	9799	14.2948	1.4295
ctg_1196	5589	21.0294	2.1029
ctg_892	6807	12.9071	1.2907
ctg_1553	2990	28.5885	2.8589
ctg_372	49905	89.5581	8.9558
ctg_2017	43063	110.7076	11.0708
ctg_1249	7366	21.6091	2.1609
ctg_2018	50801	137.7483	13.7748
ctg_1093	12616	131.2684	13.1268
ctg_651	10354	60.8792	6.0879
ctg_136	43708	28.9835	2.8984
ctg_1253	11491	21.0092	2.1009
ctg_379	46533	93.2377	9.3238
ctg_1855	5099	22.1728	2.2173
ctg_329	50248	93.3569	9.3357
ctg_1285	49360	52.4546	5.2455
ctg_517	6164	50.5381	5.0538
ctg_1759	52438	102.5023	10.2502
ctg_189	48973	124.5937	12.4594
ctg_1812	6146	21.2939	2.1294
ctg_1983	14440	18.2154	1.8215
ctg_1732	22867	116.8901	11.689
ctg_308	55211	91.4993	9.1499
ctg_838	51112	129.4707	12.9471
ctg_1004	10870	13.1217	1.3122
ctg_467	5487	66.0984	6.6098
ctg_1808	5116	19.992	1.9992
ctg_629	5361	43.4316	4.3432
ctg_137	44656	27.0659	2.7066
ctg_1867	5899	21.3569	2.1357
ctg_948	5064	52.0176	5.2018
ctg_542	5884	57.7425	5.7742
ctg_1130	43870	14.7572	1.4757
ctg_2094	4217	102.1923	10.2192
ctg_1151	50057	129.6247	12.9625
ctg_1012	2654	10.739	1.0739
ctg_540	5848	58.8405	5.8841
ctg_58	47042	67.5517	6.7552
ctg_1038	10939	13.7986	1.3799
ctg_657	6522	46.3071	4.6307
ctg_1206	5327	22.1226	2.2123
ctg_248	52241	94.1159	9.4116
ctg_1949	3637	75.645	7.5645
ctg_240	47874	89.3255	8.9325
ctg_2245	54206	116.9158	11.6916
ctg_1187	5226	23.5749	2.3575
ctg_1397	61334	74.6979	7.4698
ctg_563	6052	59.3234	5.9323
ctg_1013	7718	13.6403	1.364
ctg_986	11989	120.4302	12.043
ctg_1707	5749	79.8495	7.985
ctg_2045	45478	38.6333	3.8633
ctg_840	3264	120.5772	12.0577
ctg_790	7217	168.1304	16.813
ctg_1598	2632	26.4823	2.6482
ctg_1796	5491	20.886	2.0886
ctg_624	5644	58.0602	5.806
ctg_1758	48365	124.347	12.4347
ctg_1834	5256	19.3268	1.9327
ctg_2037	55538	18.0077	1.8008
ctg_129	52103	32.5658	3.2566
ctg_1958	44798	151.7107	15.1711
ctg_692	12966	23.6546	2.3655
ctg_1829	7280	18.825	1.8825
ctg_463	14748	53.1409	5.3141
ctg_1131	48462	13.2214	1.3221
ctg_709	17473	26.9279	2.6928
ctg_1672	5752	19.4647	1.9465
ctg_1214	5436	22.1846	2.2185
ctg_1851	5995	15.758	1.5758
ctg_2183	5629	101.7879	10.1788
ctg_897	5923	54.525	5.4525
ctg_126	54562	33.1476	3.3148
ctg_182	53499	94.2061	9.4206
ctg_756	5169	125.6345	12.5635
ctg_395	5380	61.6861	6.1686
ctg_857	24352	132.8582	13.2858
ctg_1770	51533	129.7163	12.9716
ctg_1938	7153	86.0549	8.6055
ctg_760	5102	159.6283	15.9628
ctg_1633	2012	27.4269	2.7427
ctg_521	9739	52.7973	5.2797
ctg_1662	5498	22.9963	2.2996
ctg_765	5473	127.8663	12.7866
ctg_704	27423	31.6712	3.1671
ctg_1926	5872	74.1858	7.4186
ctg_433	7332	52.2421	5.2242
ctg_2220	47534	106.6395	10.664
ctg_782	5917	145.7333	14.5733
ctg_109	50805	28.9613	2.8961
ctg_2043	4210	48.6249	4.8625
ctg_2041	48854	42.3892	4.2389
ctg_1984	17474	20.1319	2.0132
ctg_1243	5686	22.271	2.2271
ctg_2025	42995	127.4139	12.7414
ctg_22	47424	62.9897	6.299
ctg_9	58303	67.2968	6.7297
ctg_85	7128	144.2269	14.4227
ctg_676	16351	31.594	3.1594
ctg_399	7255	67.8049	6.7805
ctg_2071	53530	35.4856	3.5486
ctg_123	38990	33.6669	3.3667
ctg_887	10602	13.4281	1.3428
ctg_94	8130	119.5816	11.9582
ctg_593	8850	62.5166	6.2517
ctg_1037	6887	12.2045	1.2204
ctg_2067	48190	36.2648	3.6265
ctg_70	46009	66.509	6.6509
ctg_1445	16468	6.5667	0.6567
ctg_1704	5611	68.1386	6.8139
ctg_1740	46936	118.0675	11.8067
ctg_1493	6006	94.6535	9.4654
ctg_1482	13149	6.6345	0.6635
ctg_1043	2438	12.9609	1.2961
ctg_327	53380	73.186	7.3186
ctg_1124	42988	16.0754	1.6075
ctg_1602	3923	22.9016	2.2902
ctg_141	51255	30.981	3.0981
ctg_1369	51882	99.582	9.9582
ctg_438	6037	58.6875	5.8687
ctg_1407	3497	62.0815	6.2082
ctg_1487	6847	104.4062	10.4406
ctg_962	32919	100.0896	10.009
ctg_1019	4438	14.0018	1.4002
ctg_1447	3301	7.2799	0.728
ctg_708	19397	29.044	2.9044
ctg_1354	44237	78.9693	7.8969
ctg_358	49712	92.2559	9.2256
ctg_1056	46509	95.0885	9.5088
ctg_469	5395	49.7485	4.9748
ctg_1861	8557	16.9978	1.6998
ctg_1738	42791	119.0827	11.9083
ctg_252	58011	63.9844	6.3984
ctg_2247	48369	118.8546	11.8855
ctg_330	50671	85.1122	8.5112
ctg_394	6214	59.3982	5.9398
ctg_133	51401	28.9105	2.891
ctg_1723	46191	119.2814	11.9281
ctg_873	10254	91.9818	9.1982
ctg_1176	59188	80.5873	8.0587
ctg_1246	8522	18.0801	1.808
ctg_680	30443	24.2743	2.4274
ctg_2288	5615	105.3075	10.5308
ctg_983	21566	103.8241	10.3824
ctg_672	12173	63.1076	6.3108
ctg_2137	2848	86.1732	8.6173
ctg_334	45615	87.8143	8.7814
ctg_1868	5385	19.6916	1.9692
ctg_1724	46891	113.4842	11.3484
ctg_243	49366	90.1128	9.0113
ctg_1252	9894	18.9512	1.8951
ctg_388	12236	62.4456	6.2446
ctg_323	46282	97.7098	9.771
ctg_1347	58406	85.156	8.5156
ctg_247	54417	87.8806	8.7881
ctg_562	7652	60.1598	6.016
ctg_1817	5398	22.374	2.2374
ctg_603	24884	55.1508	5.5151
ctg_1912	4384	89.07	8.907
ctg_134	48204	30.6533	3.0653
ctg_1699	6973	65.2662	6.5266
ctg_332	57309	100.3852	10.0385
ctg_302	51824	102.0184	10.2018
ctg_102	7908	140.1954	14.0195
ctg_587	9735	51.6345	5.1635
ctg_2087	45606	70.2884	7.0288
ctg_1541	3947	21.0831	2.1083
ctg_1534	2161	25.5979	2.5598
ctg_939	6968	50.9288	5.0929
ctg_1353	59080	86.4093	8.6409
ctg_321	50773	95.0604	9.506
ctg_524	5106	59.9834	5.9983
ctg_906	6367	42.9398	4.294
ctg_2020	46231	141.6072	14.1607
ctg_1035	4780	14.2924	1.4292
ctg_2128	3392	111.4011	11.1401
ctg_637	8068	54.2189	5.4219
ctg_1628	20791	20.9841	2.0984
ctg_373	51259	77.0052	7.7005
ctg_869	42897	89.827	8.9827
ctg_1082	7458	151.3588	15.1359
ctg_1110	47663	11.7322	1.1732
ctg_1930	4773	69.8768	6.9877
ctg_1878	5228	16.4466	1.6447
ctg_621	5763	59.0108	5.9011
ctg_1081	2734	180.7699	18.077
ctg_1260	8899	21.3506	2.1351
ctg_16	60723	60.82	6.082
ctg_1121	37574	13.945	1.3945
ctg_177	51256	116.1922	11.6192
ctg_1014	6252	12.5095	1.2509
ctg_1715	37744	6.0313	0.6031
ctg_1947	2302	82.6386	8.2639
ctg_1932	6498	87.6073	8.7607
ctg_290	49264	78.285	7.8285
ctg_2200	48561	65.8232	6.5823
ctg_2048	50878	40.3209	4.0321
ctg_265	58735	92.3912	9.2391
ctg_697	11182	30.0977	3.0098
ctg_2002	53253	126.7654	12.6765
ctg_934	3492	42.9346	4.2935
ctg_2162	7546	97.4198	9.742
ctg_11	53246	59.7437	5.9744
ctg_720	12715	25.2551	2.5255
ctg_1712	53800	5.6782	0.5678
ctg_1525	2570	24.9367	2.4937
ctg_127	53801	33.7661	3.3766
ctg_1636	6825	27.8242	2.7824
ctg_1944	10803	98.4878	9.8488
ctg_273	56440	82.716	8.2716
ctg_847	11646	130.6744	13.0674
ctg_1023	12640	12.9841	1.2984
ctg_2270	5745	92.6437	9.2644
ctg_889	23037	16.1875	1.6187
ctg_43	55724	48.4389	4.8439
ctg_1225	6024	23.9524	2.3952
ctg_2055	48033	31.8764	3.1876
ctg_428	7720	50.8972	5.0897
ctg_223	46179	92.0183	9.2018
ctg_1581	2278	24.1874	2.4187
ctg_1955	2320	73.0111	7.3011
ctg_1067	6053	145.614	14.5614
ctg_466	15985	61.998	6.1998
ctg_818	7256	147.3408	14.7341
ctg_351	55928	87.7673	8.7767
ctg_2082	42615	44.1572	4.4157
ctg_1528	7891	26.3418	2.6342
ctg_57	51383	77.1036	7.7104
ctg_1640	2533	22.3149	2.2315
ctg_27	51358	68.595	6.8595
ctg_1069	7641	159.0095	15.901
ctg_1940	2854	86.7411	8.6741
ctg_1937	2306	72.3747	7.2375
ctg_746	7990	129.6681	12.9668
ctg_1569	17764	25.8633	2.5863
ctg_1753	52649	102.2762	10.2276
ctg_1853	5353	17.599	1.7599
ctg_1816	6026	18.7281	1.8728
ctg_638	6425	53.6368	5.3637
ctg_1624	3643	24.7676	2.4768
ctg_1175	43448	93.2669	9.3267
ctg_6	52092	63.8733	6.3873
